plotID,SR_herb_agg,SR_herb,DLI_cv,pH_cv,CNratio_cv,P_cv,DLI,pH,C,N,P,K,CNratio,altitude,aspect,avg_slope,phyt_clust4,ammo.f.all,nitr.f.all,basal_A,SSCI,TRI,DBHcv
CFB001,30,31,NA,2.356,7.809,95.531,NA,3.4899999999999998,9.551995197931937,0.5825477391481398,45.23411855640974,124.00939379565867,16.0750435892868,1247.1332845581,175.9345283688,29.8791170541,Galio-Abietetum,25.296590665,13.536901866666668,51.93065851073,3.472226061449103,0.505350645019531,46.073
CFB002,5,6,NA,NA,NA,NA,NA,NA,NA,NA,NA,NA,NA,873.0539871887,15.0214551699,13.6868557207,Vac+Luz-Abietetum,NA,NA,18.51024428,4.51896744365841,0.974006178710938,51.884
CFB003,20,25,39.403,8.017,9.037,75.22,27.659369080176276,3.5325,14.510071118672684,0.837761307756106,8.427967007797248,151.89255741615932,16.951016582205217,1226.4467248657,340.301418221,26.0514303208,Galio-Abietetum,25.251614893333333,4.5818304125000004,16.52975756764,4.982950496992013,0.761607865234375,59.352
CFB005,27,29,80.114,6.507,16.871,48.167,3.292690058248815,3.48,13.718990961710636,0.7224104603131607,33.69747742976535,127.43338717137323,18.400170359222116,805.9604673889,359.5218072601,23.1728698812,Galio-Abietetum,32.66693105666667,1.5680246458333333,38.93825651662,4.309707080760797,0.784520340820313,61.841
CFB007,25,37,NA,5.77,7.07,53.206,NA,3.461666666666667,8.773880084355675,0.5828726639350257,17.502134021586652,216.50527766275866,14.9854350395435,1334.1737542603,238.0760491326,19.5069047289,Galio-Abietetum,22.09985,19.710833333333333,9.38052470125,2.7611653739424136,0.736642580078125,41.751
CFB008,12,12,18.511,6.075,7.05,20.965,18.47596603750335,3.5633333333333335,12.918374061584466,0.7295760711034138,27.307847853819585,127.15018649511,17.596712527574166,1295.2925645386,15.2318970977,24.7270126221,Vac+Luz-Abietetum,25.631707663333334,1.18035855,31.85016375566,5.464051095491183,0.644015114990234,38.053
CFB009,37,39,51.172,5.463,14.335,71.27,17.496593512283013,3.465,8.015301744143182,0.4445436547199885,14.983287973757012,115.00635022121888,17.24978593116265,715.8297623657,82.4147296443,33.5510982261,Gal+Luz-Fagetum,18.506292675,6.947074770833334,22.14183977915,4.522335616991502,0.645579413452148,64.784
CFB010,10,11,NA,7.903,7.625,NA,NA,3.4,25.77575969696045,1.318895399570465,12.4864126149803,255.765650459921,19.44853685225565,712.7403823486,8.4371887941,27.4817582566,Vac+Luz-Abietetum,18.190889745,4.552080225,35.44770910284,5.85654192553942,0.856422283081055,55.038
CFB011,29,31,57.148,4.953,6.047,NA,13.343104725475602,3.4133333333333336,4.98585948944092,0.2821968853473666,NA,NA,17.47681730625758,903.5750823059,252.8754758583,17.6152892242,Galio-Abietetum,10.885966666666667,7.728533333333333,30.24803004215,4.022389841251287,0.552488922485352,55.062
CFB014,30,41,NA,NA,NA,NA,NA,NA,NA,NA,NA,NA,NA,511.9579540405,64.5302070571,31.4567503643,Gal+Luz-Fagetum,NA,NA,34.8969290058,2.8813172389635033,0.561874486877441,43.009
CFB015,32,43,41.396,4.856,5.484,37.296,28.22964770450607,3.728,15.334405422210699,0.8217663665612547,20.50627679408454,154.820937746997,18.802111703594434,1068.5801046509,233.0409534355,11.3903053101,Galio-Abietetum,24.65948270166667,4.4212151875,29.618212186340003,5.13842502495953,0.884254195800781,88.831
CFB016,15,15,NA,NA,NA,NA,NA,4,6.35588359832764,0.38476836681366,5.4311143847487,101.442207105719,16.5187269706237,947.0794921814,260.4783156808,32.4856782615,Galio-Abietetum,29.422976275,0.075535425,32.30211406021,2.5245112885526764,0.627534762084961,85.399
CFB017,34,34,17.865,8.678,12.342,62.291,25.445642211524156,3.658333333333333,12.715963840484626,0.7453809777895601,50.70826412423801,151.13562226980775,16.500462896755234,1068.7329269287,69.8293337548,4.4944226711,Galio-Abietetum,33.08374543833333,4.640889779166667,37.377317722170005,4.217057739439643,0.646112921875,36.006
CFB019,18,29,72.267,2.541,7.019,94.193,6.1891789007063815,3.6783333333333332,9.279246807098394,0.49173949162165315,27.86451027756777,87.37349001953797,18.810861324018234,1013.8246452759,328.2959512439,22.420854574,Galio-Abietetum,23.487583333333333,16.063983333333333,32.03506533288,4.231060284500574,0.485688821899414,53.692
CFB020,24,33,26.64,9.065,13.738,NA,21.59824799315822,3.246,4.59890923500061,0.2386830240488052,NA,NA,18.40754990269648,992.0065972717,29.4758723029,4.9593511986,Vac+Luz-Abietetum,14.54898,1.6814,39.403850758059995,2.9726629263412434,0.633648252075195,36.309
CFB021,27,34,25.589,16.259,12.879,67.495,22.747010509487506,2.864,39.26745300292968,1.707339119911196,35.03503745358677,227.41916929982474,22.74887951327848,1088.2646490234,58.9383026762,7.5974091609,Galio-Abietetum,42.556639698,7.637595395,37.8247865448,3.07158117588458,0.673768378662109,36.979
CFB022,15,15,NA,NA,NA,NA,NA,NA,NA,NA,NA,NA,NA,714.5051972778,293.6792534279,19.6687419247,Gal+Luz-Fagetum,NA,NA,64.58451384111001,3.2830776702904703,0.292288444824219,48.439
CFB026,19,20,NA,NA,NA,NA,NA,NA,NA,NA,NA,NA,NA,1200.3660197876,NA,NA,Galio-Abietetum,NA,NA,NA,NA,NA,NA
CFB028,25,28,NA,NA,NA,NA,NA,NA,NA,NA,NA,NA,NA,1025.7314638184,318.8589219532,29.094422315,Galio-Abietetum,NA,NA,34.43617438784,5.494695634272353,0.747144053466797,32.29
CFB030,26,31,78.815,3.369,9.635,74.046,16.241625496644012,3.445,2.608147939046223,0.14225503926475833,0.5127888542078718,103.92189259460832,18.378271518467084,509.9919389496,250.6247737949,12.2138868663,Gal+Luz-Fagetum,11.62506,5.373525,31.03189510833,5.021382533138174,0.546718027832031,69.47
CFB031,32,36,70.021,2.013,13.439,41.488,10.281193323596035,3.7792857142857144,2.5439476626259943,0.16482317447662373,5.700031155595793,39.77798547166809,15.3515871309682,541.3044119934,75.9195207355,18.1403527326,Gal+Luz-Fagetum,29.618683915,4.477236135714286,29.04679182557,4.449967734916004,0.47428552709960897,34.149
CFB034,35,45,29.495,5.215,14.048,39.647,21.053793816728287,3.3914285714285715,5.81503980500358,0.29834779884134,31.205433454248112,73.20037380728296,18.884578352727498,927.9271172424,236.3823948528,27.2981349174,Galio-Abietetum,22.25007674,4.36929375,28.75845802262,2.65344371134498,0.655481715576172,38.245
CFB035,20,20,NA,1.276,16.469,138.512,NA,3.9829166666666667,2.712219408816762,0.17340926225814568,4.106811221235403,112.05186335279922,15.172476402597916,533.3253368591,100.0833960697,19.9362201293,Gal+Luz-Fagetum,28.782456395,1.2695395708333332,32.435425188269996,2.8414764576574933,0.348568415283203,33.162
CFB036,20,37,15.786,7.017,6.606,43.167,10.462927790558735,3.5825,4.804990251859029,0.263594056169192,9.993739611318736,60.75228337468968,18.033865717104334,1050.150594104,99.7885278769,8.744623961,Galio-Abietetum,18.961970131666668,1.1047614625,42.76323353696,2.4462636204752632,0.609379988769531,30.999
CFB037,1,1,NA,4.022,5.748,25.824,NA,3.980555555555555,6.496240920490688,0.414487172332075,16.733444094593366,118.77485834033297,15.582714385215901,1056.4817987854,127.2647648813,22.9122245063,Gal+Luz-Fagetum,82.133377103749993,9.805425670833333,44.93018084189,2.461831670835487,0.285842,27.517
CFB038,15,23,NA,19.213,10.724,57.373,NA,2.6766666666666667,19.40333938598633,0.7739773144324623,26.41034629888254,143.19813368986442,25.085591137845732,903.9317823242,322.5154289868,9.180193526,Vac+Luz-Abietetum,24.517193268333333,3.753352329166667,41.47354063762,3.6157257030144,0.611327078125,45.358
CFB039,39,40,NA,3.472,5.288,79.249,NA,3.6447619047619044,5.053208651996794,0.3315320281045778,29.587952251826376,127.88518661015834,15.070629241256,648.9062569275,58.7299759505,31.0535245368,Galio-Abietetum,23.870416897142857,3.0234489357142857,28.51507255656,4.431499936415877,0.509843317382813,38.45
CFB041,23,26,NA,NA,NA,NA,NA,NA,NA,NA,NA,NA,NA,709.9646970764,NA,NA,Gal+Luz-Fagetum,NA,NA,20.94328683889,NA,NA,51.042
CFB044,20,30,20.032,10.164,5.176,109.55,12.162034262749271,3.635,12.764610449473066,0.669006424645583,5.12683497050455,145.59385656612596,19.080538720959783,834.9386923828,228.183037925,22.7344311407,Gal+Luz-Fagetum,23.1091936425,6.625223083333333,62.31134536157,2.6062550830111033,0.358806870239258,23.104
CFB045,49,70,43.869,2.484,6.283,89.068,13.801971116037246,5.734166666666667,9.173713048299156,0.4412567764520647,8.916024934905503,86.63179306075877,20.8767574030242,587.1896216431,189.8457296198,6.11853699,Pyrolo-Abietetum,40.2455549075,28.349003575,33.27304840254,4.584918413767533,0.409619516967773,52.31
CFB046,26,28,51.286,1.949,19.64,192.899,11.592149846608656,5.6883333333333335,8.695214653015135,0.609715664386749,4.865015270223971,67.09157674868887,14.26861335147558,501.7883827698,127.5525856677,23.2345388242,Pyrolo-Abietetum,18.315649999999998,65.13646666666666,22.91292013403,3.8537328439028364,0.460617979736328,48.191
CFB047,44,60,111.069,12.859,11.894,34.745,7.678703042602086,4.323333333333333,40.6298344930013,1.62095950047175,89.83663497072817,361.88239477044584,25.2128894056715,744.0367672852,356.2502260097,21.760469963,Pyrolo-Abietetum,36.1592212275,1.429322475,22.51446565459,8.19731578929848,0.947029129272461,75.068
CFB048,43,62,91.374,6.599,20.122,NA,4.737893316316353,5.451666666666666,24.424219131469762,0.9730190575122852,NA,NA,26.28073046283956,703.5006420166,192.3807846224,27.2258043259,Pyrolo-Abietetum,29.96142945,2.3841417375,29.25799795807,8.280254575873897,0.773682439331055,71.478
CFB050,46,52,NA,19.506,9.267,176.437,NA,3.595,3.382548332214355,0.2567072535554568,0.36683011557139483,86.12793881734663,13.009637297885183,775.037412085,6.8180557073,7.0187685866,Pyrolo-Abietetum,24.462983333333334,3.1663333333333332,44.45725098161,4.54671362320488,0.668461180908203,92.081
CFB052,16,19,49.547,11.286,9.539,38.492,24.22660759412749,2.92,49.089741706848166,1.976042757431665,54.498225707636784,217.9686082305045,25.011277139294517,944.6709418579,182.101777784,4.1746378515,Vac+Luz-Abietetum,65.87771447083334,14.175033266666667,30.58368251365,7.157495791868223,0.488652694824219,56.268
CFB053,20,32,43.998,8.146,11.268,NA,6.893130881903422,3.2066666666666666,4.83869204521179,0.27894440591335257,NA,NA,16.965207917345918,949.5164873657,82.8752825445,2.2911668908,Vac+Luz-Abietetum,15.991166666666667,1.3889833333333332,43.175349232049996,4.519399294123547,0.723306505004883,72.216
CFB054,7,13,18.31,8,11.695,116.37,3.2452175761652065,3.06,4.9862270553906765,0.293559012313684,0.45343079431497835,55.49212341638017,16.475530083132067,733.6228773438,44.459620521,2.5766624761,Vac+Luz-Abietetum,30.021766666666664,2.942833333333333,26.35707800529,4.490675453366573,0.39363825402832,59.129
CFB055,31,41,33.146,9.813,13.853,80.201,15.470633759809754,3.839642857142857,3.726904715810503,0.187575389231954,7.726504706510801,47.7030884052197,19.4831539148082,767.488012207,222.3217088893,3.6775001304,Galio-Abietetum,9.053503923571428,0.5776142857142857,37.545221712339995,3.8448362686486734,0.732227237915039,66.688
CFB056,26,34,88.139,3.768,5.421,27.747,7.6596715406568165,3.4983333333333335,9.310729384422297,0.5771589602033297,6.963308791279396,90.65345882487745,15.827000449345567,443.3033211395,356.7685359958,16.7114222304,Galio-Abietetum,23.20981928333333,21.99596856666667,25.95203482065,4.320454154213527,0.519076487426758,53.633
CFB057,45,54,57.191,4.294,23.284,157.513,14.913935267860241,5.41,6.193214337031047,0.36240832010904933,0.8477169162438741,72.83523239581699,17.208908516005682,639.9516721375,208.1924541991,9.6895410761,Pyrolo-Abietetum,18.2227,8.71515,35.67796114081,4.958237550088301,0.653503652587891,74.467
CFB058,38,42,NA,9.729,5.451,67.042,NA,4.658333333333333,6.995119253794353,0.5085154175758363,24.342635766482495,396.7019493611265,13.7283817171286,693.6639919128,28.945807082,3.3950038933,Pyrolo-Abietetum,28.636566666666667,29.058500000000002,25.515044780329998,7.1804383865911134,0.642014128540039,68.032
CFB059,31,36,51.778,2.513,17.77,73.856,12.39888398611048,5.743333333333333,13.550963242848699,0.42424403627713536,0.039564734957997165,57.17378833217878,32.40598460765295,633.7712775085,67.0363121093,2.4670722282,Pyrolo-Abietetum,16.4914511875,5.088325870833334,33.36556830619,3.6303744786804,NA,40.848
CFB060,41,47,64.335,12.258,7.751,91.857,8.342935495362106,4.118333333333333,3.7787770430246965,0.29458284874757135,0.3180843783354582,116.4480340832644,12.75848801622835,613.1631171204,286.5013891246,10.064206464,Pyrolo-Abietetum,16.784166666666668,13.868366666666667,31.54292306272,4.978883513229307,NA,79.499
CFB061,17,23,9.979,4.683,20.22,201.582,15.461397457800127,5.756666666666667,12.196265379587805,0.7000628511110942,0.885459453559979,53.98275993118862,17.60197051252217,515.2784400116,100.8382423467,15.9201988949,Pyrolo-Abietetum,18.02025992,47.088269483333335,25.31465279513,3.7266014842788464,0.339323152832031,47.427
CFB063,30,39,122.571,12.349,6.674,200.74,5.425487064681251,4.635,3.64039699236552,0.28739562133948016,2.5074104110736353,60.36362230285885,12.5154372972007,566.431432251,125.9756198922,4.8033118398,Pyrolo-Abietetum,16.424316666666666,14.654416666666666,24.37848174631,2.806693217534843,0.544328368774414,68.87
CFB064,25,35,97.076,8.647,12.413,81.176,2.0206821950867564,5.831,18.74248781204224,1.07630580663681,5.174443994764275,79.76246579081848,16.74843216797084,717.2770221985,207.5230622917,19.8043956909,Pyrolo-Abietetum,46.725592842,49.041949765000005,22.69764563903,6.064517269507937,0.513294825927734,69.023
CFB065,42,53,88.132,8.531,11.538,115.06,18.974920623576693,4.631666666666667,4.720417499542237,0.287425519898534,9.244225441839816,94.59541110380553,16.157713009367,684.3032870544,66.0803343642,8.5559642228,Pyrolo-Abietetum,14.9367,3.3394,23.815923033009998,7.627267539822857,0.450575321166992,65.312
CFB066,58,69,70.587,9.878,3.516,77.401,31.683398203950983,4.931666666666667,8.490478595097853,0.5952195872863133,1.7265259835795883,51.91454752279279,14.238291122614267,748.4328177124,217.7583516419,4.9200114821,Pyrolo-Abietetum,17.177316666666666,24.214116666666666,23.268380347209998,5.343345594523693,0.498159932373047,22.311
CFB067,9,9,19.401,7.725,7.259,77.502,22.801358418107863,2.6735714285714285,5.996705691019699,0.26472489287455886,0.043909675052310665,57.31919635230533,22.641129342846266,739.9598626221,181.7717667945,2.1939263321,Vac+Luz-Abietetum,16.911885714285713,2.4979142857142858,31.898330654229998,2.8167813957258,0.5281939765625,34.153
CFB068,13,27,68.769,5.575,5.767,128.868,5.244397245593214,3.39,5.6694283485412615,0.3199261501431465,6.73775706187953,84.98524570450132,17.682861993753868,792.4966818542,142.1822918512,5.1500598311,Gal+Luz-Fagetum,16.000766666666667,12.376466666666666,24.05163123202,6.917965313097323,0.369220376342773,67.952
CFB069,33,38,77.977,9.664,6.65,73.415,17.058503448554355,3.5433333333333334,3.365514477094017,0.2557900374134382,0.0392663800642625,128.77030872236602,13.177688555739516,793.8417022827,53.4813478256,3.876756841,Pyrolo-Abietetum,16.11894,2.6318200000000003,29.093172728709998,6.844228347673794,0.368604510375977,81.726
CFB071,37,43,NA,5.687,15.618,158.31,NA,5.536666666666667,5.820709506670635,0.3086770450075465,3.07944672248648,157.36974744095465,18.7039864881936,678.3313921997,180.54173847,12.2473495709,Pyrolo-Abietetum,18.53355,3.3041833333333335,33.91541142322,4.339793227265137,0.549023913330078,43.873
CFB072,50,68,NA,17.737,8.686,187.89,NA,3.485,3.232773303985595,0.234907627105713,4.065949076788372,106.79307326520183,13.663960503366482,713.2250170105,11.9077918466,2.5123176857,Pyrolo-Abietetum,13.090466666666666,3.0589,30.446293598319997,3.901815854622573,0.702400107666016,75.384
CFB073,11,12,84.197,6.351,6.605,111.165,2.2399879802723954,3.3785714285714286,11.036079327265425,0.6106853137413658,7.3842118332554065,120.2659172982421,17.846225424978567,870.9883073303,191.0802272902,14.7249446601,Vac+Luz-Abietetum,24.31243333333333,3.50375,36.41885864427,4.4353912239711235,0.710021937988281,76.22
CFB074,34,34,NA,NA,NA,NA,NA,NA,NA,NA,NA,NA,NA,586.0311325012,NA,NA,Pyrolo-Abietetum,NA,NA,27.16540900966,NA,NA,62.355
CFB075,8,20,74.185,8.981,5.464,33.313,22.884904148264994,3.38,12.495518843332928,0.6990731706221904,9.1092155778325,111.24681338223357,18.135215262506215,885.4710771362,203.6032106315,14.9021533541,Vac+Luz-Abietetum,36.16867940416667,4.0634245416666666,20.92853549058,5.701395565846006,0.694987081176758,78.568
CFB076,40,50,73.715,6.178,12.655,214.424,37.21887571933492,5.6433333333333335,17.290966192881267,1.0664459764957428,1.3351930195441535,72.984118147076,16.483471894971384,504.1047173187,282.5235686853,19.4378175905,Pyrolo-Abietetum,16.805973546666667,82.0409230875,11.01856289181,2.09066863459025,0.66148919329834,59.052
CFB077,41,49,17.541,13.859,8.035,209.994,25.255441905264902,5.293333333333333,5.634936889012655,0.338404546181361,6.560955649426778,119.98915506323424,16.581198929515917,777.7094672913,159.3045492659,3.4973201502,Pyrolo-Abietetum,23.17475,2.631283333333333,35.57837658068,3.94157026482664,0.370341403686523,50.64
CFB078,38,47,11.166,19.017,13.503,127.405,5.3287264269425165,4.4325,7.648822879791252,0.431256449222565,36.81131925807734,172.63745931338659,17.49780894668362,697.039612207,325.1615256547,27.4813038395,Pyrolo-Abietetum,22.85800979,0.5025769875,35.46416005277,6.23572466332637,0.708514903808594,68.446
CFB079,35,35,NA,5.495,7.407,53.029,NA,3.8183333333333334,8.704815109570818,0.5024737964073819,14.721842129410007,105.24684328005408,17.304600989592615,922.1016672424,56.0640434228,22.8820914084,Galio-Abietetum,26.165638905,5.379499008333333,32.46961278492,3.8169971984231665,0.785541286743164,36.2
CFB083,26,36,57.886,5.466,5.009,29.566,8.738836878285253,3.662,10.789383125305186,0.6408654600381853,24.57278777752106,83.5723956586256,16.71625356503966,970.8312071777,238.4959256645,6.0544802038,Galio-Abietetum,27.955076499,5.52908167,40.01030380391,2.590710846118683,0.407932569580078,40.674
CFB084,14,18,61.194,10.336,9.613,127.869,12.049548516229986,2.7416666666666667,5.7136155764261884,0.31740002334117884,0.5310761947170759,67.71359828170509,17.948844221656934,753.9803574036,281.7155851676,3.5228213555,Vac+Luz-Abietetum,16.3756,4.723983333333333,39.77695651177,2.8446110376566835,0.658080576416016,72.944
CFB085,8,8,18.305,8.677,16.435,NA,16.282277690690027,2.626666666666667,13.322858969370523,0.5459842185179391,NA,NA,24.129225692873234,768.8818128174,4.398705355,1.5599894071,Vac+Luz-Abietetum,15.642533333333333,0.9839500000000001,37.76465331981,2.5792210410592835,0.458742021728516,51.392
CFB086,29,35,32.654,14.062,13.678,167.831,22.233756280767654,3.5966666666666667,2.6417312026023865,0.1868305106957755,0.13595745504984333,52.30652342265283,14.399316322642182,713.0542222595,7.5947742628,3.7280262991,Galio-Abietetum,18.082910246666664,6.018777195833334,35.20788620285,2.626274683876647,0.432727512939453,21.688
CFB087,37,37,NA,5.517,5.997,42.376,NA,3.855694444444445,10.456520811716727,0.6303738666905296,36.99332719349002,83.54070138294092,16.502442367089333,1018.1934232544,313.7206172903,8.4423855371,Galio-Abietetum,49.9561375775,4.466148941666667,35.49910948564,3.29097321404985,0.490933935791016,31.81
CFB089,33,39,23.601,18.708,7.047,199.654,17.400831743455814,4.7283333333333335,4.688773711522418,0.3439187556505205,0.08391767502325066,72.90382668471354,13.499868833820834,700.5974024658,31.2336333339,4.1653317594,Pyrolo-Abietetum,16.060066666666668,10.292716666666667,49.46180336639,3.57961814088385,0.558023279052734,40.194
CFB091,16,22,53.428,17.979,4.424,33.077,4.8081872423658805,4.261666666666667,6.171054522196453,0.362567906578382,149.3897083100975,91.68199705189998,16.989478378888535,1081.8148244141,348.2604269115,19.8186402028,Galio-Abietetum,24.627533333333332,9.3372,30.79027757354,7.9084678227214065,0.676304222412109,99.452
CFB093,46,50,80.573,NA,NA,NA,10.158190150672295,3.94,8.97172069549561,0.530990421772003,34.7758130841122,112.359158878505,16.8962006236487,665.4390121155,69.3916477395,31.1535881821,Galio-Abietetum,22.694224035,3.87483845,33.65357381271,3.6227301905336,NA,57.365
CFB094,20,28,82.88,9.557,5.676,133.153,13.71757246062958,3.375,11.290597438812267,0.6268435269594195,27.39530819660216,118.09005130565716,17.94224889788225,1000.0182571899,7.6377840061,7.9743075023,Vac+Luz-Abietetum,27.564284410833334,2.045476775,18.76048077424,10.258576145887353,NA,72.439
CFB096,5,17,48.686,3.864,8.865,127.072,6.019807954882365,3.726,20.115833854675277,0.9193863451480864,31.008289450883275,386.7750116746115,21.80102994115294,750.2485870911,216.5085557161,27.1090908382,Gal+Luz-Fagetum,53.897567021,6.932473949999999,36.22976304085,3.0953377739438,0.365450969238281,51.567
CFB098,12,15,29.285,5.524,6.24,62.12,18.7447872667075,3.1866666666666665,8.647399425506592,0.47917458415031433,17.037775311348394,60.425415091709766,18.2512957813674,1120.126259314,321.3834722033,12.5297863129,Vac+Luz-Abietetum,28.632075535833334,4.496737091666667,35.32079425742,4.247306300516037,0.748792019287109,50.904
CFB099,22,23,NA,NA,NA,NA,NA,NA,NA,NA,NA,NA,NA,398.7323411499,NA,NA,Gal+Luz-Fagetum,NA,NA,18.48153797712,NA,NA,78.877
CFB101,12,12,70.207,10.279,13.954,80.926,19.3375530696704,2.795,39.3082411289215,1.7020624317228787,39.850242266042144,205.59311197013588,22.57263123657825,985.9521268982,10.8014765717,7.2102497581,Vac+Luz-Abietetum,73.806003820625,16.463647384375,32.06696899168,5.00799706254666,0.709470694335937,67.21
CFB102,13,21,8.165,6.776,6.269,NA,14.151820380359991,3.3516666666666666,7.389117036546981,0.38306210296494614,NA,NA,19.0015902857255,876.5753220154,144.3663000989,2.4632529033,Vac+Luz-Abietetum,12.418228576666667,0.7560614291666666,43.29518135683,2.2266725010174833,0.533179680419922,26.428
CFB103,16,50,15.164,7.88,8.231,62.1,35.34499264331816,3.1671428571428573,21.904585429600314,0.9205906646592275,16.41275866372033,201.8556660735885,23.7328382907767,841.2642673645,228.6313462121,11.4276703465,Vac+Luz-Abietetum,29.71164606083333,0.85174985,28.88320124211,3.57905014129167,0.459527719604492,39.675
CFB104,17,23,29.929,7.165,8.721,NA,31.745926091300934,3.6825,5.720250070095062,0.357642561197281,0,98.8479214539377,15.6916088006843,580.2922570557,154.9776311777,32.9747584528,Gal+Luz-Fagetum,28.03212905875,16.19047974375,16.24134286868,5.457730057891937,0.866819309936523,51.061
CFB105,32,57,39.377,13.359,28.559,194.15,23.25927276534242,5.609999999999999,6.1722408135732,0.2955662508805595,75.65910576032041,115.23395048564707,20.978299387563865,832.5140024292,351.8689651429,1.8997170429,Pyrolo-Abietetum,17.43165,2.093566666666667,38.39447431722,4.872064750501563,0.551354968994141,56.176
CFB106,9,18,26.426,5.306,7.652,97.854,9.664137907004612,3.875,9.803872680664059,0.554880231618881,6.487451426454073,180.23322020142916,17.77865411154024,773.663222168,320.3387126993,25.3818592391,Gal+Luz-Fagetum,23.582983333333335,30.00925,23.51430264933,6.963192975813524,0.441134087402344,53.755
CFB107,42,57,53.763,5.246,13.82,87.13,12.230835234211675,3.485,26.52586285273233,1.247227032979329,25.007725607655626,341.48525435133485,20.516039338869867,732.5182770142,262.9592713847,15.9659850871,Galio-Abietetum,35.6166169625,17.696132129166667,32.313487411009994,2.65140505599471,0.468237024536133,52.991
CFB108,11,15,34.644,4.935,4.183,55.734,23.598356181722526,3.6933333333333334,10.61779570579528,0.581314593553543,44.14099475999592,132.88122971747077,18.27027560885675,1125.6120792847,295.2336567484,20.7114312195,Vac+Luz-Abietetum,29.6977,14.344016666666667,18.13994553932,9.674649337033083,0.633727756591797,61.782
CFB109,15,28,67.691,5.669,12.032,71.674,20.62825118409621,3.498,4.6626004695892345,0.2594383448362352,20.320507593497382,77.57085842990386,17.64335875803326,888.1437769836,153.1499667906,10.2104591633,Vac+Luz-Abietetum,16.557760000000002,1.4773800000000001,24.25180487653,3.85040043358312,0.715852123901367,75.115
CFB110,29,38,33.413,29.832,6.738,61.83,21.377931089121237,3.7416666666666667,5.6828492482503234,0.31178216636180867,20.332342615825116,71.67486432386502,18.094654974372116,929.9116470459,103.3675616593,12.4637038696,Galio-Abietetum,18.633,2.387766666666667,33.4405267069,2.7421174394067966,0.271647192871094,32.343
CFB111,27,32,48.668,3.267,9.699,34.533,3.8086661883808177,3.9307142857142856,3.4569026742662716,0.19457328532423288,53.08727895061055,123.47896173956556,17.72987901271567,681.8857523193,279.0562649955,26.9141469407,Gal+Luz-Fagetum,19.83895312285714,3.7803278357142855,14.72066908187,7.186571337997323,0.471617576660156,68.724
CFB113,25,35,29.957,14.947,10.998,84.993,25.25568406749964,3.4033333333333333,21.0328376558092,1.064997128314441,26.36314118144356,182.23944495990466,19.017863623553634,1159.682339563,327.2647870171,26.9933340111,Galio-Abietetum,38.026718065,3.0809851625,33.57504891893,3.851698946983197,0.471133323974609,41.631
CFB114,44,47,NA,3.217,13.213,54.562,NA,3.3225000000000002,4.28656439781189,0.2486422657966612,4.334441710894411,268.4669187027935,16.72339075279262,515.8061449097,23.4872892313,24.8715228952,Gal+Luz-Fagetum,14.654440000000001,16.8591,39.182186263599995,3.3650507553373967,0.529418059082031,31.477
CFB115,41,48,NA,3.258,4.266,76.026,NA,3.455,4.80617682139079,0.2676854878664017,8.188351694475042,123.53754011064706,17.95924514604075,571.3462924744,NA,NA,Gal+Luz-Fagetum,8.99765,11.565766666666665,NA,NA,NA,NA
CFB117,21,29,27.104,3.947,3.997,30.596,20.1430050316903,3.7958333333333334,2.66155711809794,0.1753613154093425,5.309861898263665,34.772764399707434,15.1454951669103,856.6170483826,157.1105036248,1.2160381131,Galio-Abietetum,18.854338209166666,3.247813766666667,39.077843761400004,2.1902725489152735,0.482395637084961,44.187
CFB119,36,44,67.473,11.447,8.773,112.759,9.744040761792325,3.5566666666666666,11.465138196945194,0.6405339638392128,90.92159140947403,139.7591745938762,17.5062648421864,887.3634422852,105.3390092973,22.3427789581,Galio-Abietetum,24.567722906666667,60.472961062500005,33.570902802030005,5.702982932585654,0.701254269042969,71.002
CFB121,18,34,104.696,5.397,1.874,84.072,9.244487368213862,4.2775,9.07128715515138,0.48650899529457103,100.17548502144575,234.06630154436974,18.5228667810605,631.5624171997,172.0199411741,21.0718509066,Gal+Luz-Fagetum,26.030175,19.040925,27.075531185430002,6.885933477487047,0.347893044189453,48.311
CFB122,8,14,21.963,3.758,6.673,28.222,17.93903847156404,3.7316666666666665,2.1718097726504,0.12743396125733883,5.33273277513445,73.95293705022617,17.019824305776467,527.36919729,319.3487205725,10.4197455957,Gal+Luz-Fagetum,17.003240254166666,1.8282265958333332,68.97432408783,2.1355971327888765,0.292533122924805,38.814
CFB123,23,30,20.907,7.484,8.027,53.712,32.31062392576959,3.3575,28.2533574785505,1.2604118755885536,47.31899828561296,285.2872303035024,22.776886334644185,645.6736824036,268.1853755882,31.6307056882,Galio-Abietetum,45.851971884375004,27.467464715625,24.511766956229998,3.4730849042381666,0.548005173583984,51.875
CFB124,18,37,29.116,7.778,19.525,115.669,25.450808396087556,3.3066666666666666,19.31366912523905,0.903665478030841,12.59877431518539,196.7911671239892,21.037928973686682,928.8854723511,93.5861344514,10.7773351349,Vac+Luz-Abietetum,33.2103845025,11.403741245833332,26.79941660711,3.61958531396965,0.645441417525571,60.383
CFB125,35,46,103.242,3.401,18.521,54.53,7.543759493778743,3.9816666666666665,2.0716118415196765,0.14345676700274151,42.75659884406886,56.024311953828615,14.4844610827812,532.8138822754,96.5649228587,25.6079650675,Gal+Luz-Fagetum,19.11698901,0.9375528458333334,22.11806734754,5.958842974904684,0.621233973510742,49.66
CFB127,12,14,61.842,2.279,7.793,63.274,9.246929618337973,3.315,6.122136116027834,0.39942389726638816,3.9822118745191477,92.53849966698085,15.321562785577566,515.6969219604,28.4909813125,5.2608856568,Gal+Luz-Fagetum,17.443883333333332,3.2026166666666667,38.59156448854,2.93607205370099,0.448334064147949,43.045
CFB128,32,43,33.499,8.867,6.441,37.73,11.757512098967915,3.5885714285714285,17.5832178592682,0.9378224685788161,25.74541678473791,202.78918743646076,18.72179979550345,982.2006421631,73.2481777114,20.1264071057,Galio-Abietetum,36.1375625,9.756875,40.316586311079995,4.22928320385048,0.593383680541992,50.767
CFB129,31,38,NA,6.408,12.168,74.035,NA,3.83,5.72468256950379,0.30355245123306934,29.23177309734515,173.46018865366054,18.2568681773621,548.9498625732,200.0082929906,24.5583781877,Gal+Luz-Fagetum,22.758302371,3.53993339,32.140914228759996,5.293269081028433,0.546416276489258,70.997
CFB130,19,28,42.814,4.557,5.323,46.969,8.0196844727687715,3.605,17.115101973215733,0.9110934336980182,20.472980933490135,182.024619911901,18.67049976579445,977.5861871826,82.2575693078,22.4104882009,Galio-Abietetum,33.60945740333333,2.5377490625,39.14363813635,3.765306531112983,0.488847625610352,48.497
CFB131,34,38,23.956,3.63,4.52,103.636,10.64748595588196,3.342,15.20281426111855,0.7950157721837365,6.83325510091574,131.38743376629284,18.9882015645008,1033.2018133423,120.3205058638,16.610863063,Galio-Abietetum,19.65166,4.8183,42.354136912399994,2.6415452363283203,0.597408915527344,18.236
CFB132,7,8,16.15,9.883,17.031,54.574,20.794862462730865,2.935,14.960138142108923,0.572166447838147,16.32454134829992,95.55241769925777,24.51771763761625,861.88747229,249.9031542244,1.5307132229,Vac+Luz-Abietetum,19.655638623333335,1.2366087541666666,37.98960392018,3.2449932347321333,0.434026620849609,30.275
CFB133,20,31,69.721,4.543,8.806,40.214,11.336517201270054,3.59,8.902983522415152,0.4845961034297946,16.177020349317313,122.12425923695444,18.13898998968514,742.5921469971,232.7140254637,27.2118777801,Gal+Luz-Fagetum,29.114810067,5.516342685,38.351308048760004,3.9503760525992235,0.448226893310547,46.357
CFB134,12,12,20.3,10.887,14.865,NA,11.590244528424847,2.8716666666666666,21.762881199518862,0.8121774991353347,NA,NA,25.4562335598118,897.9754268677,176.8951864079,10.1364784621,Vac+Luz-Abietetum,19.967250755,1.7306335166666666,43.01106278583,3.428458798477623,0.458279006347656,40.571
CFB135,5,12,41.593,5.446,10.475,192.177,11.72454506186403,3.435,2.6311919689178467,0.15745916590094566,0.11387943030777466,30.734729783605115,16.67105762525995,569.317142041,16.7559417054,2.8073303001,Vac+Luz-Abietetum,17.387900000000002,4.18222,49.38484455655,2.4088591085185898,0.378114487792969,35.835
CFB136,9,23,64.333,6.463,8.626,101.325,21.74510294411065,2.7533333333333334,20.936703046162933,1.0086094016830138,7.753670838886498,115.24676650981581,20.3977700117788,786.8495523682,129.7379528065,2.0952651954,Vac+Luz-Abietetum,27.926444155,14.13999605,39.274986554399995,7.473610607935616,0.429381788330078,90.648
CFB137,31,40,45.553,20.082,16.723,174.203,17.2522338340432,3.66,6.10769645373026,0.29500482355554913,21.97599739299678,68.32597934847985,19.36385960408292,814.8060771912,123.6176547492,14.540123207,Galio-Abietetum,14.571333333333333,36.56395,33.64210228713,4.03929278437574,0.972808740722656,83.153
CFB138,14,19,46.204,8.465,6.997,115.742,15.578591292405237,2.5616666666666665,12.023974100748703,0.5381526201963425,3.9534197633614783,65.90581732169441,22.164403606958818,852.6679721558,179.5606737327,14.3054628883,Vac+Luz-Abietetum,26.13505386,1.8127421416666667,36.82620540171,5.17501506511984,0.718127337036133,66.858
CFB140,12,13,18.226,8.12,8.661,107.569,21.57819487252579,3.131666666666667,3.292196154594422,0.193481296300888,0.46849720246673815,43.19191827893237,16.72453915693795,743.5007220825,15.5385566983,11.6888338706,Vac+Luz-Abietetum,12.852483333333334,1.8790166666666668,40.89795373959,2.1376804618724696,0.460312025756836,34.676
CFB141,8,9,56.993,7.507,8.646,109.06,21.631237659718963,2.3066666666666666,10.15709538459777,0.3622126758098602,4.022157309365803,82.82157162198695,26.58978859729798,756.0845124207,187.9996170402,12.4934082043,Vac+Luz-Abietetum,12.241116666666667,1.6969666666666667,33.87363138251,3.7283428989849865,NA,58.825
CFB148,21,28,48.362,11.963,10.442,74.622,7.325411375024115,3.415,12.025788307189938,0.6107316195964811,3.883917757094185,93.05469357436183,19.39161176570326,830.5640574768,25.1779986701,27.2330222237,Galio-Abietetum,17.786483333333333,6.1386666666666665,31.671772343820003,4.440964197300353,0.477690836547852,52.799
CFB151,37,42,31.024,13.063,6.866,68.256,20.20619609650196,3.098333333333333,12.636208772659305,0.573145096500715,22.355534918812296,88.80858634722259,21.477592589042814,851.2923973328,292.19791521,22.8429115278,Galio-Abietetum,24.378783333333335,5.380416666666667,32.93945131803,3.3274076275091398,0.559606707885742,45.017
CFB152,28,32,24.158,13.714,5.982,52.626,13.569247745448585,3.341666666666667,6.56358297665914,0.37579666574796017,6.263370420569558,61.28461752520862,17.414847368402267,994.4389969604,95.2023995747,20.0678375069,Galio-Abietetum,18.09845,5.040066666666667,73.10918780752,2.8978542302854633,0.574444746948242,45.684
CFB153,20,24,NA,3.567,4.131,143.485,NA,3.2083333333333335,9.938249270121256,0.5816399107376735,1.3923297497506772,89.65161447156177,17.061625078700768,1063.0451040405,326.0585821869,6.4264042243,Vac+Luz-Abietetum,19.11725,6.604333333333333,49.7584914496,3.1873569855987234,0.746960624023438,32.275
CFB156,24,29,15.216,5.474,6.846,56.739,19.556755597940924,3.743333333333333,18.631292184193935,0.8726699550946552,11.932831816820777,150.83825321843443,21.392150600985968,796.8498922058,297.6599318701,26.5649304648,Galio-Abietetum,33.060844475833335,7.400246195833334,30.83095177362,3.275921368396033,0.495688207641602,35.598
CFB159,25,30,53.656,3.449,22.68,221.343,10.957269781772832,3.3850000000000002,4.467432737350464,0.2403096526861192,0.6642752264071681,80.45167032771221,17.37679158304502,529.3193971558,79.9118043354,21.383316647,Gal+Luz-Fagetum,15.73325,4.214283333333333,34.26088372795,4.924332459312923,0.479908723632813,62.246
CFB160,15,17,159.241,9.767,7.89,136.549,8.10973992893141,3.1166666666666667,12.126050090789803,0.6344917029142378,10.68484603660861,150.74114483616805,18.65942940435656,878.1086722229,243.9519203453,24.9400178227,Vac+Luz-Abietetum,24.189413403333333,1.9411096791666667,35.357949088329995,4.534526335548347,0.702968771118164,67.888
CFB161,33,43,39.492,7.206,7.899,84.541,12.118376304332847,3.61,11.412623882293722,0.6840059161186218,12.16307751203937,128.13990637845475,16.575017059759116,950.8346723145,206.3039009196,27.2760692626,Galio-Abietetum,48.0245113675,11.440701825,46.16113773958,4.074563778157383,0.563539511230469,33.21
CFB162,6,9,11.641,11.467,4.513,77.706,29.050071856858256,2.6866666666666665,11.042016744613637,0.41451513270537055,7.17713281631788,98.84170385360207,26.479234911787284,847.5988173401,173.19880126,5.7328097945,Vac+Luz-Abietetum,28.87846,1.58142,34.09321849882,3.348119144779077,0.360788646529477,44.27
CFB163,27,33,7.028,9.913,4.329,70.109,22.505574066548803,4.536666666666667,5.278703292210898,0.3468042785922685,6.107069688488954,84.25469705146257,15.2523113210103,764.5516073242,335.3654856971,7.591072376,Pyrolo-Abietetum,15.2387,4.6730833333333335,37.732781862340005,2.6242012031071233,0.417981111694336,34.939
CFB164,9,11,52.985,7.838,9.803,NA,12.16524916834636,2.924,21.982612609863274,0.7854193598031982,NA,NA,27.3288986206688,955.0210721558,19.3427523591,5.6021646829,Vac+Luz-Abietetum,28.558557404,1.1614195999999999,40.18572798149,3.049077122163757,0.449382523071289,43.036
CFB165,35,43,48.821,5.166,5.759,63.659,15.892307621597238,3.425,7.527537059783926,0.3394340693950654,23.5813424976681,114.35101311021968,21.9394845841203,923.6540024597,170.8144265236,22.2917051523,Galio-Abietetum,20.7691,3.26565,30.080613784239997,3.11332088349155,0.438269763427734,42.559
CFB166,5,12,NA,10.932,9.815,96.046,NA,2.515,8.212688048680615,0.28240148350596433,5.707669144496087,81.0524235579027,27.9845135199387,878.401402179,NA,NA,Vac+Luz-Abietetum,16.216566666666665,1.9067500000000002,NA,NA,0.342782236450195,NA
CFB167,34,47,16.363,3.57,11.353,42.163,16.09340343134301,3.3016666666666667,3.9809469779332485,0.21306828906138733,81.93185569655945,97.76502379684233,18.6587656978841,813.4450920715,156.8735502137,3.4329744734,Galio-Abietetum,14.900216666666667,3.6163499999999997,38.00048011395,2.31237853499278,0.363532738647461,31.739
CFB168,20,34,10.797,7.493,3.759,84.96,20.913258551488514,3.215,10.384537855784105,0.50305240849653865,16.413301663880446,96.59809640545132,20.643375618347616,1001.4843822754,250.2482994706,7.8416178141,Vac+Luz-Abietetum,21.2353,1.46005,33.12299651263,3.2556080196384634,0.25204474428544,23.245
CFB171,13,14,32.354,3.574,6.258,108.976,2.080291208000958,3.660833333333333,9.772341569264752,0.47833836575349153,31.78404214945243,101.03346385728578,20.38511538989085,952.7982022644,18.2047016648,14.2264367111,Vac+Luz-Abietetum,24.690549999999998,4.7689,40.910476127909995,3.3957584731117034,0.320465164306641,53.264
CFB172,27,40,24.317,10.984,8.291,21.226,12.914935531972901,3.8316666666666666,14.580099185307816,0.6976094295581178,27.307292492796932,109.17946410813562,19.82821791252748,950.2768321533,297.5941237507,10.2627201555,Vac+Luz-Abietetum,32.28503333333333,8.162616666666667,34.3209886786,3.0967649966899002,0.496704357666016,41.406
CFB173,8,10,26.184,NA,NA,NA,17.62769973399243,NA,NA,NA,NA,NA,NA,857.5735031372,95.3071612008,7.5944211324,Vac+Luz-Abietetum,NA,NA,28.96083235278,3.5928527126157768,0.649379858886719,53.655
CFB176,23,30,48.857,14.2,13.621,49.102,16.44545241946315,5.211666666666667,4.572314977645875,0.30768552919228864,0.011240532319964667,48.16918959951841,14.602558671828033,748.6667822388,179.1870494363,4.0064110803,Pyrolo-Abietetum,10.555633333333333,2.1113,50.47276316992,2.5363273148557832,0.502915778686523,42.285
CFB177,45,55,33.395,8.864,3.356,115.159,30.825262219204774,3.631666666666667,6.959490378697715,0.39905862510204315,41.16720566447805,53.26198951620633,17.412692696843582,971.5714550171,248.3851780159,1.8704095616,Galio-Abietetum,16.622215214166665,1.9338012166666667,37.34312148614,2.812848180309887,0.573770341552734,23.887
CFB178,9,12,NA,11.278,11.295,79.268,NA,3.28,13.398313045501725,0.7941894829273225,28.18241748158509,382.56879912923876,17.00690818210185,663.2013074463,339.9739344982,29.0152168334,Vac+Luz-Abietetum,34.208307851,15.325071764999999,34.51986955773,6.661861265576531,0.343081888793945,60.849
CFB179,35,46,60.867,10.817,23.421,92.336,15.97197837488492,3.1683333333333334,12.365461508433032,0.6149320503075918,4.001562305487365,126.04023861393426,19.50182924094445,1002.8853020752,286.0184825796,16.737628714,Galio-Abietetum,23.3205417725,7.898556695833333,38.9019585551,4.0740725228940935,0.48174182421875,58.297
CFB180,9,9,57.714,4.72,8.46,60.428,13.444523057982773,3.295,10.444721062978113,0.5181800176699957,5.035840554735355,101.46930887183942,20.2550047122111,958.8316675415,266.2961926723,14.169199803,Vac+Luz-Abietetum,26.286122888333335,2.8567067083333333,32.367879375419996,4.1168833967885305,0.53693309223221,40.916
CFB181,27,40,37.25,5.408,10.988,69.021,15.770219848648946,3.0283333333333333,8.068815549214687,0.4350337435801822,6.370111498445102,70.41766525169709,18.48805146206795,902.8564472107,277.2712104008,22.231830685,Galio-Abietetum,19.1145,5.533566666666667,42.4813195786,3.3717872648305165,0.456363912475586,44.787
CFB182,16,16,28.487,NA,NA,NA,5.895933905238758,NA,NA,NA,NA,NA,NA,877.5909973083,100.2233672747,26.153459122,Galio-Abietetum,NA,NA,35.68208291037,3.7485912309606295,0.863421710571289,69.335
CFB183,21,26,63.357,9.576,6.285,83.196,26.896624295307973,3.4383333333333335,7.542866547902426,0.4016228467226027,38.06032517600961,362.6788424030579,18.7757047737263,873.1355622437,24.5730162362,8.3979102876,Galio-Abietetum,20.5094,2.9756400000000003,20.975268252099998,4.820146990943127,0.801151233154297,91.247
CFB184,8,8,33.375,3.045,9.909,63.751,16.794638782178826,2.4366666666666665,11.209598223368317,0.5507145002484322,6.680821966401582,80.76122573678461,20.1648790039417,994.0487269592,262.640103169,13.8603468949,Vac+Luz-Abietetum,21.165416666666665,2.5595333333333334,32.20396049553,3.45953341805291,0.419896349975586,54.155
CFB185,39,41,45.648,6.263,6.099,65.781,13.724664891975712,4.671666666666667,8.594083229700722,0.5779060125350953,2.6916000205663164,101.3064472263287,14.795512615985267,717.5013123108,16.8285010559,10.5552334064,Pyrolo-Abietetum,22.908516666666664,22.47345,41.68252252252999,5.57827724374162,0.400131119140625,26.519
CFB186,26,39,32.975,2.159,30.473,NA,5.5866282061621035,5.88,6.592907031377148,0.2761122261484465,NA,NA,25.632249693534582,786.9085418518,3.0795945484,24.761498213,Pyrolo-Abietetum,20.388816666666667,3.6932166666666664,22.94095335067,6.263535662769077,0.659965530517578,56.186
CFB187,25,46,32.372,2.572,5.473,44.297,21.613419365244678,3.8233333333333333,6.529773155848185,0.3786975493033727,27.28630040805492,84.28103217753595,17.1801470298928,610.2890573486,359.2797246682,23.8991265231,Gal+Luz-Fagetum,25.739074883333334,1.3761446291666668,40.094804006909996,4.17890801719787,NA,45.451
CFB188,30,38,24.232,4.412,14.137,97.157,21.286567760126573,3.25,5.942834456761679,0.3100867420434952,3.123432724848206,95.63054292427606,18.778986400271766,852.4465773132,36.7067242575,5.860735653,Galio-Abietetum,23.780116666666668,16.29178333333333,38.608852672910004,3.473444377701213,NA,35.247
CFB018,27,34,91.305,3.849,10.986,72.599,15.332013907442946,3.7291666666666665,3.2094437678655,0.19050056984027233,10.400416378541413,59.292702047835895,16.913560114762035,947.3031519836,303.1262195952,3.8751715675,Vac+Luz-Abietetum,19.992524358333334,1.2593560625,43.57421997252,5.07596419190437,0.462431982177734,81.841
