plotID,SR_understory_agg,SR_understory,DLI_sd,pH_sd,CNratio_sd,C_sd,N_sd,P_sd,K_sd,DLI,pH,C,N,P,K,CNratio,altitude,aspect,avg_slope,phyt_clust4,ammo.f.all,nitr.f.all,SSCI,TRI,DBHsd
CFB001,30,31,NA,0.0822192191643778,1.25528199069186,4.50397091713861,0.225407610358563,43.2125378923922,35.8974537815818,NA,3.4899999999999998,9.551995197931937,0.5825477391481398,45.23411855640974,124.00939379565867,16.0750435892868,1247.1332845581,175.9345283688,29.8791170541,Forest Comun. 2,25.296590665,13.536901866666668,1.995364189,0.505350645019531,185.125347555614
CFB002,5,6,NA,NA,NA,NA,NA,NA,NA,NA,NA,NA,NA,NA,NA,NA,873.0539871887,15.0214551699,13.6868557207,Forest Comun. 4,NA,NA,1.684040509,0.974006178710938,125.02529834123
CFB003,20,25,10.8985338184512,0.283191631232281,1.53189168187945,5.88726518096133,0.258664833585642,6.33953445172826,54.849012217745,27.659369080176276,3.5325,14.510071118672684,0.837761307756106,8.427967007797248,151.89255741615932,16.951016582205217,1226.4467248657,340.301418221,26.0514303208,Forest Comun. 2,25.251614893333333,4.5818304125000004,2.165714109,0.761607865234375,210.492185296296
CFB005,28,30,2.63790817028769,0.226450877675491,3.10428418621207,6.53905308907967,0.268417152208306,16.2309694788238,62.4536546592933,3.292690058248815,3.48,13.718990961710636,0.7224104603131607,33.69747742976535,127.43338717137323,18.400170359222116,805.9604673889,359.5218072601,23.1728698812,Forest Comun. 2,32.66693105666667,1.5680246458333333,1.929146891,0.784520340820313,224.664214143156
CFB007,26,38,NA,0.199741499610538,1.05951280562885,2.21922514428665,0.127855079572347,9.31223841235029,199.815394593088,NA,3.461666666666667,8.773880084355675,0.5828726639350257,17.502134021586652,216.50527766275866,14.9854350395435,1334.1737542603,238.0760491326,19.5069047289,Forest Comun. 2,22.09985,19.710833333333333,1.489799292,0.736642580078125,134.604861954431
CFB008,12,12,3.42003031477775,0.216487105081727,1.24058209768644,2.61681093291683,0.101972911297674,5.72500286659987,15.5160558281095,18.47596603750335,3.5633333333333335,12.918374061584466,0.7295760711034138,27.307847853819585,127.15018649511,17.596712527574166,1295.2925645386,15.2318970977,24.7270126221,Forest Comun. 4,25.631707663333334,1.18035855,1.810158686,0.644015114990234,105.270407987191
CFB009,38,40,8.95330822200657,0.18928814014618,2.47274467074103,4.23427877358646,0.188284757421866,10.6785244707864,72.9711214838188,17.496593512283013,3.465,8.015301744143182,0.4445436547199885,14.983287973757012,115.00635022121888,17.24978593116265,715.8297623657,82.4147296443,33.5510982261,Forest Comun. 1,18.506292675,6.947074770833334,1.938058398,0.645579413452148,146.239988927827
CFB010,11,12,NA,0.268700576850888,1.4828671802903,5.23918235249733,0.16882687243681,NA,NA,NA,3.4,25.77575969696045,1.318895399570465,12.4864126149803,255.765650459921,19.44853685225565,712.7403823486,8.4371887941,27.4817582566,Forest Comun. 4,18.190889745,4.552080225,1.925143658,0.856422283081055,220.525007370976
CFB011,29,31,7.6252667725217,0.169075919830905,1.05675765338918,1.67612486658733,0.081148326918349,NA,NA,13.343104725475602,3.4133333333333336,4.98585948944092,0.2821968853473666,NA,NA,17.47681730625758,903.5750823059,252.8754758583,17.6152892242,Forest Comun. 2,10.885966666666667,7.728533333333333,1.747876932,0.552488922485352,162.392020051162
CFB014,31,40,NA,NA,NA,NA,NA,NA,NA,NA,NA,NA,NA,NA,NA,NA,511.9579540405,64.5302070571,31.4567503643,Forest Comun. 1,NA,NA,1.60708391,0.561874486877441,158.859729707147
CFB015,33,43,11.6860439349487,0.18102486017119301,1.03110529970642,5.56374913687963,0.318719506473293,7.64803488615296,40.062824998353,28.22964770450607,3.728,15.334405422210699,0.8217663665612547,20.50627679408454,154.820937746997,18.802111703594434,1068.5801046509,233.0409534355,11.3903053101,Forest Comun. 2,24.65948270166667,4.4212151875,2.151032617,0.884254195800781,209.059726216146
CFB016,15,15,NA,NA,NA,NA,NA,NA,NA,NA,4,6.35588359832764,0.38476836681366,5.4311143847487,101.442207105719,16.5187269706237,947.0794921814,260.4783156808,32.4856782615,Forest Comun. 2,29.422976275,0.075535425,1.780489352,0.627534762084961,246.018300223247
CFB017,35,35,4.54587764882558,0.317453408654982,2.03649771975032,12.5272438658675,0.719582860498398,31.5864821685655,111.104736081935,25.445642211524156,3.658333333333333,12.715963840484626,0.7453809777895601,50.70826412423801,151.13562226980775,16.500462896755234,1068.7329269287,69.8293337548,4.4944226711,Forest Comun. 2,33.08374543833333,4.640889779166667,1.73038011,0.646112921875,167.839783618543
CFB019,18,29,4.47271372068323,0.0934701378337845,1.32026275487835,2.47956360680185,0.118661321165555,26.2463505998811,38.084688671835,6.1891789007063815,3.6783333333333332,9.279246807098394,0.49173949162165315,27.86451027756777,87.37349001953797,18.810861324018234,1013.8246452759,328.2959512439,22.420854574,Forest Comun. 2,23.487583333333333,16.063983333333333,1.895060742,0.485688821899414,161.307569361304
CFB020,24,33,5.75385234848125,0.294244796045741,2.52873745694841,3.19479888844543,0.13714862807868,NA,NA,21.59824799315822,3.246,4.59890923500061,0.2386830240488052,NA,NA,18.40754990269648,992.0065972717,29.4758723029,4.9593511986,Forest Comun. 4,14.54898,1.6814,1.511109111,0.633648252075195,147.699233959886
CFB021,27,34,5.82081305152444,0.465650083217001,2.929925922376,11.1704000336458,0.364565141599281,23.6470507445429,96.401411760104,22.747010509487506,2.864,39.26745300292968,1.707339119911196,35.03503745358677,227.41916929982474,22.74887951327848,1088.2646490234,58.9383026762,7.5974091609,Forest Comun. 2,42.556639698,7.637595395,1.562713944,0.673768378662109,142.107088235221
CFB022,16,16,NA,NA,NA,NA,NA,NA,NA,NA,NA,NA,NA,NA,NA,NA,714.5051972778,293.6792534279,19.6687419247,Forest Comun. 1,NA,NA,1.738093873,0.292288444824219,128.068140219696
CFB026,19,20,NA,NA,NA,NA,NA,NA,NA,NA,NA,NA,NA,NA,NA,NA,1200.3660197876,NA,NA,Forest Comun. 2,NA,NA,NA,NA,NA
CFB028,25,29,NA,NA,NA,NA,NA,NA,NA,NA,NA,NA,NA,NA,NA,NA,1025.7314638184,318.8589219532,29.094422315,Forest Comun. 2,NA,NA,1.987887353,0.747144053466797,156.094216486282
CFB030,27,32,12.8008321625234,0.116060329139633,1.77082595279281,0.310516928459937,0.0138653642801718,0.379701928972836,138.797587570624,16.241625496644012,3.445,2.608147939046223,0.14225503926475833,0.5127888542078718,103.92189259460832,18.378271518467084,509.9919389496,250.6247737949,12.2138868663,Forest Comun. 1,11.62506,5.373525,2.322923554,0.546718027832031,166.010357749932
CFB031,32,36,7.19897345892308,0.0760717080254201,2.06314333891356,0.496984124990521,0.0124536535137258,2.36485275107359,6.56321809103897,10.281193323596035,3.7792857142857144,2.5439476626259943,0.16482317447662373,5.700031155595793,39.77798547166809,15.3515871309682,541.3044119934,75.9195207355,18.1403527326,Forest Comun. 1,29.618683915,4.477236135714286,2.08025219,0.47428552709960897,130.184216146599
CFB034,35,45,6.20979342152733,0.176864220183033,2.65286960051784,2.61952966960287,0.0953269130757445,12.3720311663924,16.9514051884408,21.053793816728287,3.3914285714285715,5.81503980500358,0.29834779884134,31.205433454248112,73.20037380728296,18.884578352727498,927.9271172424,236.3823948528,27.2981349174,Forest Comun. 2,22.25007674,4.36929375,1.479991491,0.655481715576172,126.308579068077
CFB035,20,20,NA,0.0508039532582521,2.4988309297296,0.794501676722976,0.0334409325077695,5.68843785422717,24.549544520115,NA,3.9829166666666667,2.712219408816762,0.17340926225814568,4.106811221235403,112.05186335279922,15.172476402597916,533.3253368591,100.0833960697,19.9362201293,Forest Comun. 1,28.782456395,1.2695395708333332,1.91890104,0.348568415283203,143.788226906066
CFB036,21,37,1.65169413021302,0.251391129517332,1.19131894009344,1.8055534980562,0.0857401637006937,4.31399368908414,29.8709047951358,10.462927790558735,3.5825,4.804990251859029,0.263594056169192,9.993739611318736,60.75228337468968,18.033865717104334,1050.150594104,99.7885278769,8.744623961,Forest Comun. 2,18.961970131666668,1.1047614625,1.540859233,0.609379988769531,112.987121536587
CFB037,2,2,NA,0.160089095564059,0.895670335225947,1.04834983499182,0.0447726939738706,4.32125723249641,34.5296247923266,NA,3.980555555555555,6.496240920490688,0.414487172332075,16.733444094593366,118.77485834033297,15.582714385215901,1056.4817987854,127.2647648813,22.9122245063,Forest Comun. 1,82.133377103749993,9.805425670833333,1.40038101,0.285842,110.308529721769
CFB038,15,23,NA,0.514263227021597,2.69029731520041,7.53340762857942,0.297077777196461,15.1523148897862,77.8148716210536,NA,2.6766666666666667,19.40333938598633,0.7739773144324623,26.41034629888254,143.19813368986442,25.085591137845732,903.9317823242,322.5154289868,9.180193526,Forest Comun. 4,24.517193268333333,3.753352329166667,1.828758203,0.611327078125,138.632256420954
CFB039,40,41,NA,0.127576759150359,0.797891668720194,1.29298270636842,0.0755207825791956,22.628075933009,47.0592961079507,NA,3.6748148148148143,5.249939781648142,0.34517012674499453,28.55297412131425,135.9190596436896,15.089772901961444,648.9062569275,58.7299759505,31.0535245368,Forest Comun. 2,21.39129295111111,2.6356427888888887,1.450002066,0.509843317382813,151.078831234724
CFB041,23,27,NA,NA,NA,NA,NA,NA,NA,NA,NA,NA,NA,NA,NA,NA,709.9646970764,NA,NA,Forest Comun. 1,NA,NA,NA,NA,197.849601573919
CFB044,20,30,2.43633763025408,0.369472597089419,0.987588949086931,3.32391056425165,0.168749150054771,5.6164301842829,58.0972280933948,12.162034262749271,3.635,12.764610449473066,0.669006424645583,5.12683497050455,145.59385656612596,19.080538720959783,834.9386923828,228.183037925,22.7344311407,Forest Comun. 1,23.1091936425,6.625223083333333,1.48191632,0.358806870239258,100.010604548076
CFB045,51,71,6.05484270204751,0.142422493541809,1.31163093481704,0.43398841869301,0.0452746593372344,7.94128502311243,77.4075306328811,13.801971116037246,5.734166666666667,9.173713048299156,0.4412567764520647,8.916024934905503,86.63179306075877,20.8767574030242,587.1896216431,189.8457296198,6.11853699,Forest Comun. 3,40.2455549075,28.349003575,1.932137291,0.409619516967773,159.053885991588
CFB046,28,30,5.9452069231578,0.110890336218566,2.80234795534897,1.91985795022352,0.0686606060502765,9.38458095611351,58.5710815898387,11.592149846608656,5.6883333333333335,8.695214653015135,0.609715664386749,4.865015270223971,67.09157674868887,14.26861335147558,501.7883827698,127.5525856677,23.2345388242,Forest Comun. 3,18.315649999999998,65.13646666666666,1.970988676,0.460617979736328,88.9569380980277
CFB047,44,60,8.52868174975871,0.555937646383717,2.99889094199699,6.16421608105132,0.2452404352811,31.2138078666274,211.152882139978,7.678703042602086,4.323333333333333,40.6298344930013,1.62095950047175,89.83663497072817,361.88239477044584,25.2128894056715,744.0367672852,356.2502260097,21.760469963,Forest Comun. 3,36.1592212275,1.429322475,2.263696391,0.947029129272461,153.300038694515
CFB048,47,66,4.32920542232137,0.359745280256276,5.28827688345955,9.97899163268745,0.431878242321647,NA,NA,4.737893316316353,5.451666666666666,24.424219131469762,0.9730190575122852,NA,NA,26.28073046283956,703.5006420166,192.3807846224,27.2258043259,Forest Comun. 3,29.96142945,2.3841417375,2.172148802,0.773682439331055,159.578838511665
CFB050,46,52,NA,0.701248885917119,1.2056517854886,0.968417545862816,0.0606388574125517,0.647224944957654,21.6565428503421,NA,3.595,3.382548332214355,0.2567072535554568,0.36683011557139483,86.12793881734663,13.009637297885183,775.037412085,6.8180557073,7.0187685866,Forest Comun. 3,24.462983333333334,3.1663333333333332,1.613445645,0.668461180908203,213.174287048281
CFB052,16,19,12.0035327074325,0.329545141065682,2.38583105611562,0.897084726576354,0.170126742824252,20.9776904533877,73.7437669673361,24.22660759412749,2.92,49.089741706848166,1.976042757431665,54.498225707636784,217.9686082305045,25.011277139294517,944.6709418579,182.101777784,4.1746378515,Forest Comun. 4,65.87771447083334,14.175033266666667,2.051355593,0.488652694824219,100.087670886716
CFB053,20,32,3.03286167417394,0.26120234812625,1.91165544573723,1.88044871403369,0.0806804739140365,NA,NA,6.893130881903422,3.2066666666666666,4.83869204521179,0.27894440591335257,NA,NA,16.965207917345918,949.5164873657,82.8752825445,2.2911668908,Forest Comun. 4,15.991166666666667,1.3889833333333332,2.193196605,0.723306505004883,195.96455944412
CFB054,8,14,0.594190926060545,0.244785620492708,1.92684205751056,2.23980161914772,0.106733585712685,0.527659228873289,9.36300359305699,3.2452175761652065,3.06,4.9862270553906765,0.293559012313684,0.45343079431497835,55.49212341638017,16.475530083132067,733.6228773438,44.459620521,2.5766624761,Forest Comun. 4,30.021766666666664,2.942833333333333,1.682405558,0.39363825402832,84.9832727750613
CFB055,31,41,5.12790760011417,0.37676923908914,2.69892140843927,1.31129118453339,0.0480033458813724,6.19675954954223,7.95956616849708,15.470633759809754,3.839642857142857,3.726904715810503,0.187575389231954,7.726504706510801,47.7030884052197,19.4831539148082,767.488012207,222.3217088893,3.6775001304,Forest Comun. 2,9.053503923571428,0.5776142857142857,1.520385854,0.732227237915039,130.378552801693
CFB056,26,34,6.75112876798182,0.131820585140056,0.858054218579699,1.9816824133494,0.116543948623293,1.9321007691027,16.63199545642,7.6596715406568165,3.4983333333333335,9.310729384422297,0.5771589602033297,6.963308791279396,90.65345882487745,15.827000449345567,443.3033211395,356.7685359958,16.7114222304,Forest Comun. 2,23.20981928333333,21.99596856666667,1.744093523,0.519076487426758,112.351576836744
CFB057,46,55,8.52947190702243,0.232292918531754,4.00691596084977,1.53227587254315,0.0552149886040473,1.33526598511178,35.8872543928047,14.913935267860241,5.41,6.193214337031047,0.36240832010904933,0.8477169162438741,72.83523239581699,17.208908516005682,639.9516721375,208.1924541991,9.6895410761,Forest Comun. 3,18.2227,8.71515,2.373125672,0.653503652587891,179.551706655223
CFB058,39,43,NA,0.453229154696238,0.7484005290148,1.82735550689421,0.124099425172336,16.3198904327736,340.167862361103,NA,4.658333333333333,6.995119253794353,0.5085154175758363,24.342635766482495,396.7019493611265,13.7283817171286,693.6639919128,28.945807082,3.3950038933,Forest Comun. 3,28.636566666666667,29.058500000000002,2.116231238,0.642014128540039,127.864742255761
CFB059,31,36,6.41983519070565,0.144314471438822,5.75859523547212,1.58681856906852,0.0583596174840002,0.0292210713067063,28.2071899078923,12.39888398611048,5.743333333333333,13.550963242848699,0.42424403627713536,0.039564734957997165,57.17378833217878,32.40598460765295,633.7712775085,67.0363121093,2.4670722282,Forest Comun. 3,16.4914511875,5.088325870833334,1.830486007,NA,99.156418470846
CFB060,42,48,5.36746214006386,0.504833305821503,0.988872352880386,0.679880519723211,0.0334533097052818,0.292181563523128,36.3789135294439,8.342935495362106,4.118333333333333,3.7787770430246965,0.29458284874757135,0.3180843783354582,116.4480340832644,12.75848801622835,613.1631171204,286.5013891246,10.064206464,Forest Comun. 3,16.784166666666668,13.868366666666667,1.929867873,NA,204.304984683218
CFB061,17,23,1.54289218291132,0.269567554922076,3.55907441838161,3.2714640011826,0.177954057092725,1.78492936417212,42.264655624455,15.461397457800127,5.756666666666667,12.196265379587805,0.7000628511110942,0.885459453559979,53.98275993118862,17.60197051252217,515.2784400116,100.8382423467,15.9201988949,Forest Comun. 3,18.02025992,47.088269483333335,1.818344751,0.339323152832031,165.98920354119701
CFB063,30,39,6.65004691306777,0.572389727371133,0.835221060468005,2.10287796123539,0.149885658547123,5.0333874244515,25.9231117646118,5.425487064681251,4.635,3.64039699236552,0.28739562133948016,2.5074104110736353,60.36362230285885,12.5154372972007,566.431432251,125.9756198922,4.8033118398,Forest Comun. 3,16.424316666666666,14.654416666666666,1.507479172,0.544328368774414,191.720622350346
CFB064,25,35,1.96160665175143,0.504187465135737,2.07898796865902,10.2456015326718,0.429412992571774,4.20038294439198,36.9762064606651,2.0206821950867564,5.831,18.74248781204224,1.07630580663681,5.174443994764275,79.76246579081848,16.74843216797084,717.2770221985,207.5230622917,19.8043956909,Forest Comun. 3,46.725592842,49.041949765000005,2.045628271,0.513294825927734,130.847488753151
CFB065,44,55,16.7230176412733,0.395141324929027,1.86428258654328,1.31723070812469,0.0493177012627538,10.6364267304565,22.7673962891934,18.974920623576693,4.631666666666667,4.720417499542237,0.287425519898534,9.244225441839816,94.59541110380553,16.157713009367,684.3032870544,66.0803343642,8.5559642228,Forest Comun. 3,14.9367,3.3394,1.432503473,0.450575321166992,135.382882327197
CFB066,58,69,22.3645162280621,0.487131056972009,0.500674168932373,3.09006797288861,0.213390034685309,1.33634980656243,18.7063699983047,31.683398203950983,4.931666666666667,8.490478595097853,0.5952195872863133,1.7265259835795883,51.91454752279279,14.238291122614267,748.4328177124,217.7583516419,4.9200114821,Forest Comun. 3,17.177316666666666,24.214116666666666,2.141364609,0.498159932373047,77.4911485542155
CFB067,9,9,4.42358360095357,0.206533175013005,1.64349078629901,1.53436554351343,0.0650426712228292,0.0340309599107895,14.9086160247659,22.801358418107863,2.6735714285714285,5.996705691019699,0.26472489287455886,0.043909675052310665,57.31919635230533,22.641129342846266,739.9598626221,181.7717667945,2.1939263321,Forest Comun. 4,16.911885714285713,2.4979142857142858,1.586389774,0.5281939765625,110.908222593704
CFB068,14,29,3.60654318268142,0.188997354478839,1.01982598179712,1.53183999547517,0.0794952032075582,8.68278927550164,27.6573463501393,5.244397245593214,3.39,5.6694283485412615,0.3199261501431465,6.73775706187953,84.98524570450132,17.682861993753868,792.4966818542,142.1822918512,5.1500598311,Forest Comun. 1,16.000766666666667,12.376466666666666,1.89304177,0.369220376342773,96.2279693760125
CFB069,33,38,13.3016879430246,0.342442209236342,0.876334707815424,0.493440298093609,0.0352632151048507,0.0288274415917677,63.2561658158491,17.058503448554355,3.5433333333333334,3.365514477094017,0.2557900374134382,0.0392663800642625,128.77030872236602,13.177688555739516,793.8417022827,53.4813478256,3.876756841,Forest Comun. 3,16.11894,2.6318200000000003,2.267609032,0.368604510375977,217.143299590086
CFB071,37,43,NA,0.314875636826139,2.92114529776298,1.64091628969289,0.0569133733207701,4.87508114010631,94.7848424201285,NA,5.536666666666667,5.820709506670635,0.3086770450075465,3.07944672248648,157.36974744095465,18.7039864881936,678.3313921997,180.54173847,12.2473495709,Forest Comun. 3,18.53355,3.3041833333333335,1.619525128,0.549023913330078,131.215749624491
CFB072,50,68,NA,0.618150467119455,1.18682311090262,0.701960720359896,0.0349221034319601,7.63950506583346,32.7409952294017,NA,3.485,3.232773303985595,0.234907627105713,4.065949076788372,106.79307326520183,13.663960503366482,713.2250170105,11.9077918466,2.5123176857,Forest Comun. 3,13.090466666666666,3.0589,1.500730245,0.702400107666016,135.627368379682
CFB073,12,13,1.88600854150393,0.214587089657367,1.17879537388802,3.67288197957632,0.176525067210698,8.20862463150992,25.3157239236685,2.2399879802723954,3.3785714285714286,11.036079327265425,0.6106853137413658,7.3842118332554065,120.2659172982421,17.846225424978567,870.9883073303,191.0802272902,14.7249446601,Forest Comun. 4,24.31243333333333,3.50375,1.584151297,0.710021937988281,182.672715891543
CFB074,36,36,NA,NA,NA,NA,NA,NA,NA,NA,NA,NA,NA,NA,NA,NA,586.0311325012,NA,NA,Forest Comun. 3,NA,NA,NA,NA,144.041049823773
CFB075,8,20,16.977183654618,0.303562184733211,0.990866572562176,4.98420893549352,0.313924712094418,3.03454447091642,26.2508845185939,22.884904148264994,3.38,12.495518843332928,0.6990731706221904,9.1092155778325,111.24681338223357,18.135215262506215,885.4710771362,203.6032106315,14.9021533541,Forest Comun. 4,36.16867940416667,4.0634245416666666,1.938959607,0.694987081176758,154.042029862797
CFB076,42,52,27.4357405264685,0.348635435185047,2.08595526637463,1.02786355265338,0.177013033226806,2.86297199641235,35.0061202316129,37.21887571933492,5.6433333333333335,17.290966192881267,1.0664459764957428,1.3351930195441535,72.984118147076,16.483471894971384,504.1047173187,282.5235686853,19.4378175905,Forest Comun. 3,16.805973546666667,82.0409230875,1.351593482,0.66148919329834,168.509759729268
CFB077,41,49,4.4301779626780204,0.73361206823952,1.33237221270024,0.952139808789602,0.0339128964089402,13.777612010154,84.5760072513981,25.255441905264902,5.293333333333333,5.634936889012655,0.338404546181361,6.560955649426778,119.98915506323424,16.581198929515917,777.7094672913,159.3045492659,3.4973201502,Forest Comun. 3,23.17475,2.631283333333333,1.638324612,0.370341403686523,129.561885488205
CFB078,38,47,0.59501881103172,0.842906677317641,2.36273131880218,3.95301467343578,0.182990247788027,46.8993554753521,93.3506056725117,5.3287264269425165,4.4325,7.648822879791252,0.431256449222565,36.81131925807734,172.63745931338659,17.49780894668362,697.039612207,325.1615256547,27.4813038395,Forest Comun. 3,22.85800979,0.5025769875,2.030940004,0.708514903808594,173.839554819161
CFB079,36,36,NA,0.209825324178629,1.28173288565116,2.1887651450246,0.121328554563904,7.80689676261736,27.6315370716241,NA,3.8183333333333334,8.704815109570818,0.5024737964073819,14.721842129410007,105.24684328005408,17.304600989592615,922.1016672424,56.0640434228,22.8820914084,Forest Comun. 2,26.165638905,5.379499008333333,1.845979489,0.785541286743164,155.579246159682
CFB083,26,36,5.05854138255077,0.200174923504419,0.837283560387586,2.56800924027193,0.124018158940433,7.26526137200939,18.0230542104111,8.738836878285253,3.662,10.789383125305186,0.6408654600381853,24.57278777752106,83.5723956586256,16.71625356503966,970.8312071777,238.4959256645,6.0544802038,Forest Comun. 2,27.955076499,5.52908167,1.479466982,0.407932569580078,143.155792849149
CFB084,14,18,7.37359258903761,0.283366664706113,1.72545640005542,2.4148581953582,0.132486732752088,0.679081053238537,26.1733444826331,12.049548516229986,2.7416666666666667,5.7136155764261884,0.31740002334117884,0.5310761947170759,67.71359828170509,17.948844221656934,753.9803574036,281.7155851676,3.5228213555,Forest Comun. 4,16.3756,4.723983333333333,1.575933338,0.658080576416016,150.780487833906
CFB085,8,8,2.98050281601544,0.22791811395031,3.96573776255831,4.07815217632199,0.129863579144318,NA,NA,16.282277690690027,2.626666666666667,13.322858969370523,0.5459842185179391,NA,NA,24.129225692873234,768.8818128174,4.398705355,1.5599894071,Forest Comun. 4,15.642533333333333,0.9839500000000001,1.59381145,0.458742021728516,125.113956191598
CFB086,31,37,7.26010249240901,0.50575356317743,1.96955489919747,0.51522659606152,0.047351747049623,0.228178299370792,18.0195814914667,22.233756280767654,3.5966666666666667,2.6417312026023865,0.1868305106957755,0.13595745504984333,52.30652342265283,14.399316322642182,713.0542222595,7.5947742628,3.7280262991,Forest Comun. 2,18.082910246666664,6.018777195833334,1.581569204,0.432727512939453,82.3507559810292
CFB087,38,38,NA,0.212727274975539,0.989606276643674,2.72925484042679,0.147525250030244,15.6761403382998,23.5308996833066,NA,3.855694444444445,10.456520811716727,0.6303738666905296,36.99332719349002,83.54070138294092,16.502442367089333,1018.1934232544,313.7206172903,8.4423855371,Forest Comun. 2,49.9561375775,4.466148941666667,1.612844056,0.490933935791016,121.810370912552
CFB089,34,40,4.10682985777208,0.884588416534304,0.951387315932716,1.25490871725968,0.0708727334066913,0.167545349349127,31.636697255901,17.400831743455814,4.7283333333333335,4.688773711522418,0.3439187556505205,0.08391767502325066,72.90382668471354,13.499868833820834,700.5974024658,31.2336333339,4.1653317594,Forest Comun. 3,16.060066666666668,10.292716666666667,1.811520069,0.558023279052734,193.119604570314
CFB091,17,23,2.56891377349732,0.766222335009015,0.751629013847449,0.856389439644038,0.041484493569844,49.4134049188465,27.8109680906126,4.8081872423658805,4.261666666666667,6.171054522196453,0.362567906578382,149.3897083100975,91.68199705189998,16.989478378888535,1081.8148244141,348.2604269115,19.8186402028,Forest Comun. 2,24.627533333333332,9.3372,1.897882383,0.676304222412109,214.293584933941
CFB093,46,50,8.18474915940894,NA,NA,NA,NA,NA,NA,10.158190150672295,3.94,8.97172069549561,0.530990421772003,34.7758130841122,112.359158878505,16.8962006236487,665.4390121155,69.3916477395,31.1535881821,Forest Comun. 2,22.694224035,3.87483845,1.838288963,NA,205.693242765828
CFB094,20,28,11.3690697202073,0.322536819603592,1.01849127960008,2.33938912178031,0.113874638133731,36.4775401168007,74.4890097345555,13.71757246062958,3.375,11.290597438812267,0.6268435269594195,27.39530819660216,118.09005130565716,17.94224889788225,1000.0182571899,7.6377840061,7.9743075023,Forest Comun. 4,27.564284410833334,2.045476775,1.989400204,NA,88.1202237542645
CFB096,5,17,2.93078210689807,0.143979165159408,1.93261169865009,10.6935312152079,0.486824040834498,39.4028335618489,141.791120731594,6.019807954882365,3.726,20.115833854675277,0.9193863451480864,31.008289450883275,386.7750116746115,21.80102994115294,750.2485870911,216.5085557161,27.1090908382,Forest Comun. 1,53.897567021,6.932473949999999,1.582470853,0.365450969238281,117.587695972585
CFB098,13,16,5.48933102556614,0.17603030042202,1.13893397604012,4.51192234848828,0.269926140401649,10.5838092651573,35.1442159869009,18.7447872667075,3.1866666666666665,8.647399425506592,0.47917458415031433,17.037775311348394,60.425415091709766,18.2512957813674,1120.126259314,321.3834722033,12.5297863129,Forest Comun. 4,28.632075535833334,4.496737091666667,1.820724216,0.748792019287109,162.427480628022
CFB099,22,23,NA,NA,NA,NA,NA,NA,NA,NA,NA,NA,NA,NA,NA,NA,398.7323411499,NA,NA,Forest Comun. 1,NA,NA,NA,NA,176.52851790894
CFB101,13,13,13.5762494581271,0.287302727350189,3.14983431997507,12.6697061362197,0.435388932175482,32.2493313308684,102.261172766104,19.3375530696704,2.795,39.3082411289215,1.7020624317228787,39.850242266042144,205.59311197013588,22.57263123657825,985.9521268982,10.8014765717,7.2102497581,Forest Comun. 4,73.806003820625,16.463647384375,2.105000166,0.709470694335937,185.378722198138
CFB102,13,21,1.15542683886865,0.227104968388335,1.19115981729345,3.93852727453499,0.188402921540558,NA,NA,14.151820380359991,3.3516666666666666,7.389117036546981,0.38306210296494614,NA,NA,19.0015902857255,876.5753220154,144.3663000989,2.4632529033,Forest Comun. 4,12.418228576666667,0.7560614291666666,1.452323585,0.533179680419922,99.5791987219505
CFB103,16,51,5.35954530542657,0.249580600589221,1.95351757355576,4.25292210169897,0.142130089996461,10.1923563082269,70.531880083695,35.34499264331816,3.1671428571428573,21.904585429600314,0.9205906646592275,16.41275866372033,201.8556660735885,23.7328382907767,841.2642673645,228.6313462121,11.4276703465,Forest Comun. 4,29.71164606083333,0.85174985,1.751356229,0.459527719604492,105.79368250227
CFB104,19,25,9.50121936855352,0.263865496039175,1.36853676894054,2.42776754888546,0.124049778366422,NA,NA,31.745926091300934,3.6825,5.720250070095062,0.357642561197281,0,98.8479214539377,15.6916088006843,580.2922570557,154.9776311777,32.9747584528,Forest Comun. 1,28.03212905875,16.19047974375,1.834172512,0.866819309936523,165.150721276658
CFB105,33,58,9.15874572151154,0.749466476902069,5.99110510520305,1.67046540398227,0.0525596758625118,146.892357182305,67.6880419460743,23.25927276534242,5.609999999999999,6.1722408135732,0.2955662508805595,75.65910576032041,115.23395048564707,20.978299387563865,832.5140024292,351.8689651429,1.8997170429,Forest Comun. 3,17.43165,2.093566666666667,2.077589044,0.551354968994141,153.796863001951
CFB106,9,18,2.55381482393529,0.205596692580401,1.36043375061387,3.83237647429198,0.225190289943942,6.34822520580492,152.595746905809,9.664137907004612,3.875,9.803872680664059,0.554880231618881,6.487451426454073,180.23322020142916,17.77865411154024,773.663222168,320.3387126993,25.3818592391,Forest Comun. 1,23.582983333333335,30.00925,2.032517151,0.441134087402344,149.881895398652
CFB107,43,58,6.57562512315736,0.1828387267512,2.83526927638455,16.4677793665193,0.714796065395466,21.7891979616684,253.426234991857,12.230835234211675,3.485,26.52586285273233,1.247227032979329,25.007725607655626,341.48525435133485,20.516039338869867,732.5182770142,262.9592713847,15.9659850871,Forest Comun. 2,35.6166169625,17.696132129166667,1.639084124,0.468237024536133,127.511249553936
CFB108,11,15,8.17540702948894,0.1822818330681,0.76430930756968,1.7544831386839,0.0952472782432326,24.6017269744809,41.336803235455,23.598356181722526,3.6933333333333334,10.61779570579528,0.581314593553543,44.14099475999592,132.88122971747077,18.27027560885675,1125.6120792847,295.2336567484,20.7114312195,Forest Comun. 4,29.6977,14.344016666666667,2.023438053,0.633727756591797,148.145347901147
CFB109,15,28,13.9634871132619,0.198292712927127,2.1228195650746,1.6169130980131,0.0657117260398217,14.5645492842737,33.9589025096846,20.62825118409621,3.498,4.6626004695892345,0.2594383448362352,20.320507593497382,77.57085842990386,17.64335875803326,888.1437769836,153.1499667906,10.2104591633,Forest Comun. 4,16.557760000000002,1.4773800000000001,1.508329736,0.715852123901367,160.635627023937
CFB110,29,38,7.1429431153805,1.1161974138416,1.21912754181206,1.43345879713318,0.0640327145291948,12.5715360633841,14.8213515523311,21.377931089121237,3.7416666666666667,5.6828492482503234,0.31178216636180867,20.332342615825116,71.67486432386502,18.094654974372116,929.9116470459,103.3675616593,12.4637038696,Forest Comun. 2,18.633,2.387766666666667,1.521141949,0.271647192871094,119.382897833046
CFB111,27,32,1.85359623590067,0.128401342523763,1.71965331065156,0.727050110240359,0.0319141151325046,18.3327254022651,166.047664754379,3.8086661883808177,3.9307142857142856,3.4569026742662716,0.19457328532423288,53.08727895061055,123.47896173956556,17.72987901271567,681.8857523193,279.0562649955,26.9141469407,Forest Comun. 1,19.83895312285714,3.7803278357142855,2.027900315,0.471617576660156,164.689604811297
CFB113,26,36,7.5658389027416,0.508710788824718,2.09153709254526,12.4416072667715,0.509791061547074,22.4067185752229,59.8259682474209,25.25568406749964,3.4033333333333333,21.0328376558092,1.064997128314441,26.36314118144356,182.23944495990466,19.017863623553634,1159.682339563,327.2647870171,26.9933340111,Forest Comun. 2,38.026718065,3.0809851625,1.677112053,0.471133323974609,117.566348539365
CFB114,44,47,NA,0.10688779163216,2.20972171264974,2.14024097475178,0.087651313635447,2.36494834989962,212.748933415204,NA,3.3225000000000002,4.28656439781189,0.2486422657966612,4.334441710894411,268.4669187027935,16.72339075279262,515.8061449097,23.4872892313,24.8715228952,Forest Comun. 1,14.654440000000001,16.8591,1.64185179,0.529418059082031,165.644451178404
CFB115,42,49,NA,0.112561094522042,0.76620940792788,0.717780485371235,0.038234538201258,6.22526389292514,21.6954346265857,NA,3.455,4.80617682139079,0.2676854878664017,8.188351694475042,123.53754011064706,17.95924514604075,571.3462924744,NA,NA,Forest Comun. 1,8.99765,11.565766666666665,NA,NA,NA
CFB117,21,29,5.45950911011288,0.149813773287594,0.605374763593974,0.742974423229968,0.0479024873222997,1.62459001124498,7.12910575457202,20.1430050316903,3.7958333333333334,2.66155711809794,0.1753613154093425,5.309861898263665,34.772764399707434,15.1454951669103,856.6170483826,157.1105036248,1.2160381131,Forest Comun. 2,18.854338209166666,3.247813766666667,1.491220785,0.482395637084961,116.598287040244
CFB119,36,44,6.57461924413064,0.407119965939607,1.53586221908494,5.88527750110237,0.274327945754661,102.522260355146,44.7921717100508,9.744040761792325,3.5566666666666666,11.465138196945194,0.6405339638392128,90.92159140947403,139.7591745938762,17.5062648421864,887.3634422852,105.3390092973,22.3427789581,Forest Comun. 2,24.567722906666667,60.472961062500005,1.860874691,0.701254269042969,188.857629800051
CFB121,19,35,9.67858676986097,0.230849879070071,0.347079694564959,6.33146470867399,0.332592985926775,84.2197741553871,61.53330810398,9.244487368213862,4.2775,9.07128715515138,0.48650899529457103,100.17548502144575,234.06630154436974,18.5228667810605,631.5624171997,172.0199411741,21.0718509066,Forest Comun. 1,26.030175,19.040925,1.78779909,0.347893044189453,150.290155256466
CFB122,8,14,3.93987540055821,0.140237893119751,1.13581161299363,0.494281632054893,0.0282402393088667,1.5050035503373,93.9201460861904,17.93903847156404,3.7316666666666665,2.1718097726504,0.12743396125733883,5.33273277513445,73.95293705022617,17.019824305776467,527.36919729,319.3487205725,10.4197455957,Forest Comun. 1,17.003240254166666,1.8282265958333332,1.3769292,0.292533122924805,147.310341558342
CFB123,23,30,6.75509738067969,0.251268211848841,1.82827460490562,11.0529423574314,0.549684337282445,25.4158796066615,146.312131377223,32.31062392576959,3.3575,28.2533574785505,1.2604118755885536,47.31899828561296,285.2872303035024,22.776886334644185,645.6736824036,268.1853755882,31.6307056882,Forest Comun. 2,45.851971884375004,27.467464715625,1.507622435,0.548005173583984,160.84592397444
CFB124,18,37,7.41032207063866,0.257189942779003,4.1075780826423,14.1870530383935,0.652955907779823,14.5728407408386,133.612522319936,25.450808396087556,3.3066666666666666,19.31366912523905,0.903665478030841,12.59877431518539,196.7911671239892,21.037928973686682,928.8854723511,93.5861344514,10.7773351349,Forest Comun. 4,33.2103845025,11.403741245833332,1.724103532,0.645441417525571,157.457164557468
CFB125,37,48,7.78830671382068,0.135412948666908,2.68266837349157,0.356332204595198,0.00920067416761937,23.3153535865049,14.4967566835592,7.543759493778743,3.9816666666666665,2.0716118415196765,0.14345676700274151,42.75659884406886,56.024311953828615,14.4844610827812,532.8138822754,96.5649228587,25.6079650675,Forest Comun. 1,19.11698901,0.9375528458333334,2.239265303,0.621233973510742,183.304839499695
CFB127,13,15,5.71849673655817,0.0755645419492502,1.19404203527343,1.23915034295664,0.0719568474114798,2.5196952423833,46.1904896619103,9.246929618337973,3.315,6.122136116027834,0.39942389726638816,3.9822118745191477,92.53849966698085,15.321562785577566,515.6969219604,28.4909813125,5.2608856568,Forest Comun. 1,17.443883333333332,3.2026166666666667,1.695655509,0.448334064147949,161.954842209044
CFB128,32,43,3.93867072273095,0.318194310206231,1.2057972490513,4.5702705603688,0.227946320390623,9.71365911282657,57.9368531425201,11.757512098967915,3.5885714285714285,17.5832178592682,0.9378224685788161,25.74541678473791,202.78918743646076,18.72179979550345,982.2006421631,73.2481777114,20.1264071057,Forest Comun. 2,36.1375625,9.756875,1.751282721,0.593383680541992,161.601525663587
CFB129,31,38,NA,0.245438383306279,2.22152866503219,3.5678256057005,0.157272511148729,21.6418047596373,167.342021606512,NA,3.83,5.72468256950379,0.30355245123306934,29.23177309734515,173.46018865366054,18.2568681773621,548.9498625732,200.0082929906,24.5583781877,Forest Comun. 1,22.758302371,3.53993339,1.974098248,0.546416276489258,204.587407846785
CFB130,19,28,3.43352787802979,0.164286335402553,0.993907500279451,3.81153317507536,0.168803342952941,9.61591845645804,45.8506936821391,8.0196844727687715,3.605,17.115101973215733,0.9110934336980182,20.472980933490135,182.024619911901,18.67049976579445,977.5861871826,82.2575693078,22.4104882009,Forest Comun. 2,33.60945740333333,2.5377490625,1.629360631,0.488847625610352,161.509509185158
CFB131,35,39,2.55070444311136,0.121326007104825,0.858322158437524,5.61150759720944,0.269106209509552,7.08169557203874,57.1848382714179,10.64748595588196,3.342,15.20281426111855,0.7950157721837365,6.83325510091574,131.38743376629284,18.9882015645008,1033.2018133423,120.3205058638,16.610863063,Forest Comun. 2,19.65166,4.8183,1.535599913,0.597408915527344,95.0859811146602
CFB132,7,8,3.35828032601029,0.290051719526018,4.17554051877662,10.6246811025091,0.330208275557528,8.90890203404289,44.8223379732601,20.794862462730865,2.935,14.960138142108923,0.572166447838147,16.32454134829992,95.55241769925777,24.51771763761625,861.88747229,249.9031542244,1.5307132229,Forest Comun. 4,19.655638623333335,1.2366087541666666,1.596167055,0.434026620849609,112.847804842744
CFB133,20,31,7.90388847725297,0.163095064303001,1.59738083955359,4.02501025146134,0.207821629078515,6.50535653261021,25.6198427127798,11.336517201270054,3.59,8.902983522415152,0.4845961034297946,16.177020349317313,122.12425923695444,18.13898998968514,742.5921469971,232.7140254637,27.2118777801,Forest Comun. 1,29.114810067,5.516342685,1.705090905,0.448226893310547,180.940248868404
CFB134,12,12,2.35287238599146,0.312628640189389,3.78413142155743,13.5904501818225,0.409565786349781,NA,NA,11.590244528424847,2.8716666666666666,21.762881199518862,0.8121774991353347,NA,NA,25.4562335598118,897.9754268677,176.8951864079,10.1364784621,Forest Comun. 4,19.967250755,1.7306335166666666,1.773892471,0.458279006347656,124.065280625885
CFB135,5,12,4.87660590625791,0.187056141305224,1.74626271195875,0.661220144976144,0.0326910907535144,0.21885025624326,7.00739601457587,11.72454506186403,3.435,2.6311919689178467,0.15745916590094566,0.11387943030777466,30.734729783605115,16.67105762525995,569.317142041,16.7559417054,2.8073303001,Forest Comun. 4,17.387900000000002,4.18222,1.436730307,0.378114487792969,104.769338618019
CFB136,9,23,13.9892215069762,0.177951304200522,1.75945481907655,15.4398317788798,0.685029685245299,7.85644404123691,66.5980923485609,21.74510294411065,2.7533333333333334,20.936703046162933,1.0086094016830138,7.753670838886498,115.24676650981581,20.3977700117788,786.8495523682,129.7379528065,2.0952651954,Forest Comun. 4,27.926444155,14.13999605,2.418262259,0.429381788330078,185.352785890097
CFB137,32,41,7.85886462247626,0.735010204010802,3.23812907489346,4.67236509660875,0.189986415019212,38.2828167975686,37.0314914864393,17.2522338340432,3.66,6.10769645373026,0.29500482355554913,21.97599739299678,68.32597934847985,19.36385960408292,814.8060771912,123.6176547492,14.540123207,Forest Comun. 2,14.571333333333333,36.56395,2.148909443,0.972808740722656,196.912353764926
CFB138,15,20,7.19786109928102,0.216833269280032,1.55090397982474,5.94818806584977,0.24743131945619,4.57577434036906,30.5597981289883,15.578591292405237,2.5616666666666665,12.023974100748703,0.5381526201963425,3.9534197633614783,65.90581732169441,22.164403606958818,852.6679721558,179.5606737327,14.3054628883,Forest Comun. 4,26.13505386,1.8127421416666667,1.99293957,0.718127337036133,187.800707091955
CFB140,12,13,3.93284311091274,0.25427675211601,1.44849247458578,1.42770156750895,0.0675451635643993,0.503959113563388,8.78667786576384,21.57819487252579,3.131666666666667,3.292196154594422,0.193481296300888,0.46849720246673815,43.19191827893237,16.72453915693795,743.5007220825,15.5385566983,11.6888338706,Forest Comun. 4,12.852483333333334,1.8790166666666668,1.398962813,0.460312025756836,113.366388059373
CFB141,9,10,12.3282306900458,0.173166586461322,2.29893446571851,10.2971806803552,0.323871165767935,4.38655879152087,46.0303366290061,21.631237659718963,2.3066666666666666,10.15709538459777,0.3622126758098602,4.022157309365803,82.82157162198695,26.58978859729798,756.0845124207,187.9996170402,12.4934082043,Forest Comun. 4,12.241116666666667,1.6969666666666667,1.732559429,NA,139.993848517765
CFB148,21,28,3.54268246641682,0.40854620301748,2.02493364761676,5.26904251122939,0.216438742367455,2.89827475045307,49.778978521618,7.325411375024115,3.415,12.025788307189938,0.6107316195964811,3.883917757094185,93.05469357436183,19.39161176570326,830.5640574768,25.1779986701,27.2330222237,Forest Comun. 2,17.786483333333333,6.1386666666666665,1.672957704,0.477690836547852,136.360439350491
CFB151,37,42,6.26866962475338,0.404742716632019,1.474548667387,7.97907079148928,0.317151155254388,15.2590660751397,40.406894448381,20.20619609650196,3.098333333333333,12.636208772659305,0.573145096500715,22.355534918812296,88.80858634722259,21.477592589042814,851.2923973328,292.19791521,22.8429115278,Forest Comun. 2,24.378783333333335,5.380416666666667,1.485403515,0.559606707885742,150.300589701718
CFB152,28,32,3.27801601620222,0.458275753958975,1.04167722610763,1.62527260954321,0.0815528612940407,3.296187161287,23.1115412072033,13.569247745448585,3.341666666666667,6.56358297665914,0.37579666574796017,6.263370420569558,61.28461752520862,17.414847368402267,994.4389969604,95.2023995747,20.0678375069,Forest Comun. 2,18.09845,5.040066666666667,1.454208882,0.574444746948242,155.370346018362
CFB153,22,26,NA,0.114440668761881,0.704763939488293,2.05095121999236,0.110469925167589,1.9977791810307,24.4149096332431,NA,3.2083333333333335,9.938249270121256,0.5816399107376735,1.3923297497506772,89.65161447156177,17.061625078700768,1063.0451040405,326.0585821869,6.4264042243,Forest Comun. 4,19.11725,6.604333333333333,1.552490511,0.746960624023438,149.645176910961
CFB156,24,29,2.9758345298916,0.204906482734604,1.46460527334169,4.09693472793804,0.204444627487221,6.77053090231245,69.9437995749677,19.556755597940924,3.743333333333333,18.631292184193935,0.8726699550946552,11.932831816820777,150.83825321843443,21.392150600985968,796.8498922058,297.6599318701,26.5649304648,Forest Comun. 2,33.060844475833335,7.400246195833334,1.917570492,0.495688207641602,124.269831641924
CFB159,26,31,5.87920254136135,0.11674759098157,3.94098531877894,3.06537474133984,0.096260495467459,1.47032513205407,24.7552668370539,10.957269781772832,3.3850000000000002,4.467432737350464,0.2403096526861192,0.6642752264071681,80.45167032771221,17.37679158304502,529.3193971558,79.9118043354,21.383316647,Forest Comun. 1,15.73325,4.214283333333333,2.175485947,0.479908723632813,191.056999830862
CFB160,15,17,12.9140525052573,0.30441200151549,1.47231081003653,5.91966186818866,0.26889657880419,14.5900924337237,121.360291922848,8.10973992893141,3.1166666666666667,12.126050090789803,0.6344917029142378,10.68484603660861,150.74114483616805,18.65942940435656,878.1086722229,243.9519203453,24.9400178227,Forest Comun. 4,24.189413403333333,1.9411096791666667,1.65874765,0.702968771118164,177.128037710983
CFB161,33,43,4.78573404104851,0.260153800664146,1.30924482278964,2.79323297427716,0.135807618734023,10.2828115431582,38.0517475430975,12.118376304332847,3.61,11.412623882293722,0.6840059161186218,12.16307751203937,128.13990637845475,16.575017059759116,950.8346723145,206.3039009196,27.2760692626,Forest Comun. 2,48.0245113675,11.440701825,1.699839012,0.563539511230469,134.673579614515
CFB162,7,10,3.38172698316095,0.308069256282847,1.19493238009912,3.9953408443102,0.140118778119987,5.57709729842877,30.2642025148942,29.050071856858256,2.6866666666666665,11.042016744613637,0.41451513270537055,7.17713281631788,98.84170385360207,26.479234911787284,847.5988173401,173.19880126,5.7328097945,Forest Comun. 4,28.87846,1.58142,1.721641599,0.360788646529477,92.529128611475
CFB163,28,34,1.58176795574422,0.449740666013945,0.660250097627894,1.07653655537702,0.0729231103159299,4.2816127690045,7.91742787205646,22.505574066548803,4.536666666666667,5.278703292210898,0.3468042785922685,6.107069688488954,84.25469705146257,15.2523113210103,764.5516073242,335.3654856971,7.591072376,Forest Comun. 3,15.2387,4.6730833333333335,1.544076334,0.417981111694336,127.823335176618
CFB164,9,11,6.44575948291866,0.229194240765339,2.67894426347775,9.77359914365738,0.288817480259915,NA,NA,12.16524916834636,2.924,21.982612609863274,0.7854193598031982,NA,NA,27.3288986206688,955.0210721558,19.3427523591,5.6021646829,Forest Comun. 4,28.558557404,1.1614195999999999,1.630848681,0.449382523071289,129.220594850258
CFB165,36,44,7.75874332030498,0.176946319543527,1.2634662087756,2.45858503278437,0.0937585516819597,15.0116903931762,52.0189051528424,15.892307621597238,3.425,7.527537059783926,0.3394340693950654,23.5813424976681,114.35101311021968,21.9394845841203,923.6540024597,170.8144265236,22.2917051523,Forest Comun. 2,20.7691,3.26565,1.566519946,0.438269763427734,122.118590567123
CFB166,5,12,NA,0.274936356271774,2.74668472030312,6.72818350909913,0.203002691018958,5.48198411926737,28.0006271557646,NA,2.515,8.212688048680615,0.28240148350596433,5.707669144496087,81.0524235579027,27.9845135199387,878.401402179,NA,NA,Forest Comun. 4,16.216566666666665,1.9067500000000002,NA,0.342782236450195,NA
CFB167,34,47,2.63332685743464,0.117884123895742,2.11834689483242,0.725946786724082,0.0269406456109488,34.5450764768179,31.9437854445618,16.09340343134301,3.3016666666666667,3.9809469779332485,0.21306828906138733,81.93185569655945,97.76502379684233,18.6587656978841,813.4450920715,156.8735502137,3.4329744734,Forest Comun. 2,14.900216666666667,3.6163499999999997,1.357248466,0.363532738647461,90.1440209645115
CFB168,20,34,2.25808635004385,0.240894167633839,0.775985407768041,1.49959913733834,0.0707990613181429,13.944724796536,14.4815987299111,20.913258551488514,3.215,10.384537855784105,0.50305240849653865,16.413301663880446,96.59809640545132,20.643375618347616,1001.4843822754,250.2482994706,7.8416178141,Forest Comun. 4,21.2353,1.46005,1.731862748,0.25204474428544,99.8258609227117
CFB171,13,14,0.673065886372578,0.130821124695772,1.27570558726453,1.10860110017999,0.0577330079438262,34.6370869025747,15.2483256364141,2.080291208000958,3.660833333333333,9.772341569264752,0.47833836575349153,31.78404214945243,101.03346385728578,20.38511538989085,952.7982022644,18.2047016648,14.2264367111,Forest Comun. 4,24.690549999999998,4.7689,1.707979854,0.320465164306641,129.848293260295
CFB172,27,40,3.1405420567621,0.420876070437209,1.64399172499118,14.0804889720095,0.597872801466178,5.79623892323796,58.8763289452407,12.914935531972901,3.8316666666666666,14.580099185307816,0.6976094295581178,27.307292492796932,109.17946410813562,19.82821791252748,950.2768321533,297.5941237507,10.2627201555,Forest Comun. 4,32.28503333333333,8.162616666666667,1.670246333,0.496704357666016,129.246059941874
CFB173,8,10,4.61569295610139,NA,NA,NA,NA,NA,NA,17.62769973399243,NA,NA,NA,NA,NA,NA,857.5735031372,95.3071612008,7.5944211324,Forest Comun. 4,NA,NA,1.724195078,0.649379858886719,158.820933594015
CFB176,23,30,8.03468538770739,0.740065312433076,1.9890485791622,1.56131739461233,0.0687298692004474,0.00551927001164696,23.2519581114474,16.44545241946315,5.211666666666667,4.572314977645875,0.30768552919228864,0.011240532319964667,48.16918959951841,14.602558671828033,748.6667822388,179.1870494363,4.0064110803,Forest Comun. 3,10.555633333333333,2.1113,1.525489551,0.502915778686523,144.963302177407
CFB177,46,56,10.2941678289842,0.321895428154341,0.584343357062911,1.40493107729685,0.0737552905222044,47.4076667041284,8.09585428419157,30.825262219204774,3.631666666666667,6.959490378697715,0.39905862510204315,41.16720566447805,53.26198951620633,17.412692696843582,971.5714550171,248.3851780159,1.8704095616,Forest Comun. 2,16.622215214166665,1.9338012166666667,1.488064467,0.573770341552734,96.2679304879523
CFB178,9,12,NA,0.369932426261878,1.92086101023045,0.878562715440768,0.0912423144445994,22.3397144191921,326.00387117184,NA,3.28,13.398313045501725,0.7941894829273225,28.18241748158509,382.56879912923876,17.00690818210185,663.2013074463,339.9739344982,29.0152168334,Forest Comun. 4,34.208307851,15.325071764999999,2.152270198,0.343081888793945,106.518362606844
CFB179,35,46,9.72170131215644,0.342719516028292,4.56752447483851,6.03600607504702,0.186924570053747,3.69487872396276,83.8058050646388,15.97197837488492,3.1683333333333334,12.365461508433032,0.6149320503075918,4.001562305487365,126.04023861393426,19.50182924094445,1002.8853020752,286.0184825796,16.737628714,Forest Comun. 2,23.3205417725,7.898556695833333,1.967711415,0.48174182421875,155.475254939406
CFB180,9,9,7.7593597145514,0.155531347322654,1.71358774837234,1.52367501253666,0.0840068686726702,3.04306510024556,23.4816988218988,13.444523057982773,3.295,10.444721062978113,0.5181800176699957,5.035840554735355,101.46930887183942,20.2550047122111,958.8316675415,266.2961926723,14.169199803,Forest Comun. 4,26.286122888333335,2.8567067083333333,1.764154912,0.53693309223221,124.734184358875
CFB181,27,40,5.87436230092567,0.163757951460888,2.03150041086139,1.8650402064152,0.0796683574838072,4.39669640950943,13.3242082018068,15.770219848648946,3.0283333333333333,8.068815549214687,0.4350337435801822,6.370111498445102,70.41766525169709,18.48805146206795,902.8564472107,277.2712104008,22.231830685,Forest Comun. 2,19.1145,5.533566666666667,1.579913679,0.456363912475586,128.43438510866
CFB182,16,16,1.67957951616076,NA,NA,NA,NA,NA,NA,5.895933905238758,NA,NA,NA,NA,NA,NA,877.5909973083,100.2233672747,26.153459122,Forest Comun. 2,NA,NA,1.784517436,0.863421710571289,184.634835745536
CFB183,25,30,17.0409439459565,0.32926686238774,1.18006624868084,1.78763446690521,0.0935144902212252,31.6646996999247,222.188841196443,26.896624295307973,3.4383333333333335,7.542866547902426,0.4016228467226027,38.06032517600961,362.6788424030579,18.7757047737263,873.1355622437,24.5730162362,8.3979102876,Forest Comun. 2,20.5094,2.9756400000000003,1.793878333,0.801151233154297,149.684597695967
CFB184,8,8,5.60518957659781,0.0742069179165033,1.9981810143396,3.01292945741544,0.116645098753836,4.25909239191146,12.7513133012895,16.794638782178826,2.4366666666666665,11.209598223368317,0.5507145002484322,6.680821966401582,80.76122573678461,20.1648790039417,994.0487269592,262.640103169,13.8603468949,Forest Comun. 4,21.165416666666665,2.5595333333333334,1.684603104,0.419896349975586,167.158607316524
CFB185,41,43,6.26504322517394,0.292603258127224,0.90243382972863,1.62251445147929,0.0798349339051671,1.77054824236558,29.4020514154455,13.724664891975712,4.671666666666667,8.594083229700722,0.5779060125350953,2.6916000205663164,101.3064472263287,14.795512615985267,717.5013123108,16.8285010559,10.5552334064,Forest Comun. 3,22.908516666666664,22.47345,2.190665331,0.400131119140625,93.1443523452533
CFB186,27,40,1.84220634057004,0.126964561984831,7.81086485018472,2.19038836277825,0.118465534154679,NA,NA,5.5866282061621035,5.88,6.592907031377148,0.2761122261484465,NA,NA,25.632249693534582,786.9085418518,3.0795945484,24.761498213,Forest Comun. 3,20.388816666666667,3.6932166666666664,2.169344182,0.659965530517578,128.452676931533
CFB187,27,46,6.99667685992751,0.0983192080250175,0.940232012200751,0.951476867177754,0.0369219983786413,12.086984194276,35.6699183352748,21.613419365244678,3.8233333333333333,6.529773155848185,0.3786975493033727,27.28630040805492,84.28103217753595,17.1801470298928,610.2890573486,359.2797246682,23.8991265231,Forest Comun. 1,25.739074883333334,1.3761446291666668,2.422232178,NA,194.591010381486
CFB188,31,39,5.15808931703017,0.143387586631479,2.65484616062245,2.08447477681871,0.0676563330905995,3.03462820125917,39.0299848504856,21.286567760126573,3.25,5.942834456761679,0.3100867420434952,3.123432724848206,95.63054292427606,18.778986400271766,852.4465773132,36.7067242575,5.860735653,Forest Comun. 2,23.780116666666668,16.29178333333333,2.021338316,NA,151.752438043736
CFB018,28,34,13.9989279483967,0.143541515481294,1.85812329423014,0.777146653363598,0.0473201057991234,7.55059815852487,35.5902328738909,15.332013907442946,3.7291666666666665,3.2094437678655,0.19050056984027233,10.400416378541413,59.292702047835895,16.913560114762035,947.3031519836,303.1262195952,3.8751715675,Forest Comun. 4,19.992524358333334,1.2593560625,1.850634978,0.462431982177734,213.201012524753
